ID	NAME	KB	REIHENFOLGE	SPRECHER	NUMMER	PPK-SEITE	SEM-SEITE
1	Sfa1	0a-sfath	1	Sfath	1	11	
2	Sfa2	0a-sfath	2	Sfath	2	11	
3	Sfa3	0a-sfath	3	Sfath	3	11	
4	Sfa4	0a-sfath	4	Sfath	4	11	
5	Sfa5	0a-sfath	5	Sfath	5	11	
6	Sfa6	0a-sfath	6	Sfath	6	11	
7	Sfa7	0a-sfath	7	Sfath	7	11	
8	Sfa8	0a-sfath	8	Sfath	8	11	
9	Sfa9	0a-sfath	9	Sfath	9	11	
10	Sfa10	0a-sfath	10	Sfath	10	11	
11	Sfa11	0a-sfath	11	Sfath	11	12	
12	Sfa12	0a-sfath	12	Sfath	12	12	
13	Sfa13	0a-sfath	13	Sfath	13	12	
14	Sfa14	0a-sfath	14	Sfath	14	12	
15	Sfa15	0a-sfath	15	Sfath	15	12	
16	Sfa16	0a-sfath	16	Sfath	16	12	
17	Sfa17	0a-sfath	17	Sfath	17	12	
18	Sfa18	0a-sfath	18	Sfath	18	12	
19	Sfa19	0a-sfath	19	Sfath	19	12	
20	Sfa20	0a-sfath	20	Sfath	20	12	
21	Sfa21	0a-sfath	21	Sfath	21	12	
22	Sfa22	0a-sfath	22	Sfath	22	12	
23	Sfa23	0a-sfath	23	Sfath	23	12	
24	Sfa24	0a-sfath	24	Sfath	24	12	
25	Sfa25	0a-sfath	25	Sfath	25	12	
26	Sfa26	0a-sfath	26	Sfath	26	12	
27	Sfa27	0a-sfath	27	Sfath	27	12	
28	Sfa28	0a-sfath	28	Sfath	28	12	
29	Sfa29	0a-sfath	29	Sfath	29	12	
30	Sfa30	0a-sfath	30	Sfath	30	12	
31	Sfa31	0a-sfath	31	Sfath	31	12	
32	Sfa32	0a-sfath	32	Sfath	32	12	
33	Sfa33	0a-sfath	33	Sfath	33	12	
34	Sfa34	0a-sfath	34	Sfath	34	13	
35	Sfa35	0a-sfath	35	Sfath	35	13	
36	Sfa36	0a-sfath	36	Sfath	36	13	
37	Sfa37	0a-sfath	37	Sfath	37	13	
38	Sfa38	0a-sfath	38	Sfath	38	13	
39	Sfa39	0a-sfath	39	Sfath	39	13	
40	Sfa40	0a-sfath	40	Sfath	40	13	
41	Sfa41	0a-sfath	41	Sfath	41	13	
42	Sfa42	0a-sfath	42	Sfath	42	13	
43	Sfa43	0a-sfath	43	Sfath	43	13	
44	Sfa44	0a-sfath	44	Sfath	44	13	
45	Sfa45	0a-sfath	45	Sfath	45	13	
46	Sfa46	0a-sfath	46	Sfath	46	13	
47	Sfa47	0a-sfath	47	Sfath	47	13	
48	Sfa48	0a-sfath	48	Sfath	48	13	
49	Sfa49	0a-sfath	49	Sfath	49	13	
50	Sfa50	0a-sfath	50	Sfath	50	13	
51	Sfa51	0a-sfath	51	Sfath	51	13	
52	Sfa52	0a-sfath	52	Sfath	52	13	
53	Sfa53	0a-sfath	53	Sfath	53	13	
54	Sfa54	0a-sfath	54	Sfath	54	13	
55	Sfa55	0a-sfath	55	Sfath	55	13	
56	Sfa56	0a-sfath	56	Sfath	56	13	
57	Sfa57	0a-sfath	57	Sfath	57	14	
58	Sfa58	0a-sfath	58	Sfath	58	14	
59	Sfa59	0a-sfath	59	Sfath	59	14	
60	Sfa60	0a-sfath	60	Sfath	60	14	
61	Sfa61	0a-sfath	61	Sfath	61	14	
62	Sfa62	0a-sfath	62	Sfath	62	14	
63	Sfa63	0a-sfath	63	Sfath	63	14	
64	Sfa64	0a-sfath	64	Sfath	64	14	
65	Sfa65	0a-sfath	65	Sfath	65	14	
66	Sfa66	0a-sfath	66	Sfath	66	14	
67	Sfa67	0a-sfath	67	Sfath	67	14	
68	Sfa68	0a-sfath	68	Sfath	68	14	
69	Sfa69	0a-sfath	69	Sfath	69	14	
70	Sfa70	0a-sfath	70	Sfath	70	14	
71	Sfa71	0a-sfath	71	Sfath	71	14	
72	Sfa72	0a-sfath	72	Sfath	72	14	
73	Sfa73	0a-sfath	73	Sfath	73	14	
74	Sfa74	0a-sfath	74	Sfath	74	14	
75	Sfa75	0a-sfath	75	Sfath	75	14	
76	Sfa76	0a-sfath	76	Sfath	76	14	
77	Sfa77	0a-sfath	77	Sfath	77	15	
78	Sfa78	0a-sfath	78	Sfath	78	15	
79	Sfa79	0a-sfath	79	Sfath	79	15	
80	Sfa80	0a-sfath	80	Sfath	80	15	
81	Sfa81	0a-sfath	81	Sfath	81	15	
82	Sfa82	0a-sfath	82	Sfath	82	15	
83	Sfa83	0a-sfath	83	Sfath	83	15	
84	Sfa84	0a-sfath	84	Sfath	84	15	
85	Sfa85	0a-sfath	85	Sfath	85	15	
86	Sfa86	0a-sfath	86	Sfath	86	15	
87	Sfa87	0a-sfath	87	Sfath	87	15	
88	Sfa88	0a-sfath	88	Sfath	88	15	
89	Sfa89	0a-sfath	89	Sfath	89	15	
90	Sfa90	0a-sfath	90	Sfath	90	15	
91	Sfa91	0a-sfath	91	Sfath	91	15	
92	Sfa92	0a-sfath	92	Sfath	92	15	
93	Sfa93	0a-sfath	93	Sfath	93	15	
94	Sfa94	0a-sfath	94	Sfath	94	15	
95	Sfa95	0a-sfath	95	Sfath	95	15	
96	Sfa96	0a-sfath	96	Sfath	96	15	
97	Sfa97	0a-sfath	97	Sfath	97	15	
98	Sfa98	0a-sfath	98	Sfath	98	16	
99	Sfa99	0a-sfath	99	Sfath	99	16	
100	Sfa100	0a-sfath	100	Sfath	100	16	
101	Sfa101	0a-sfath	101	Sfath	101	16	
102	Sfa102	0a-sfath	102	Sfath	102	16	
103	Sfa103	0a-sfath	103	Sfath	103	16	
104	Sfa104	0a-sfath	104	Sfath	104	16	
105	Sfa105	0a-sfath	105	Sfath	105	16	
106	Sfa106	0a-sfath	106	Sfath	106	16	
107	Sfa107	0a-sfath	107	Sfath	107	16	
108	Sfa108	0a-sfath	108	Sfath	108	16	
109	Sfa109	0a-sfath	109	Sfath	109	16	
110	Sfa110	0a-sfath	110	Sfath	110	16	
111	Sfa111	0a-sfath	111	Sfath	111	16	
112	Sfa112	0a-sfath	112	Sfath	112	16	
113	Sfa113	0a-sfath	113	Sfath	113	16	
114	Sfa114	0a-sfath	114	Sfath	114	16	
115	Sfa115	0a-sfath	115	Sfath	115	16	
116	Sfa116	0a-sfath	116	Sfath	116	16	
117	Sfa117	0a-sfath	117	Sfath	117	17	
118	Sfa118	0a-sfath	118	Sfath	118	17	
119	Sfa119	0a-sfath	119	Sfath	119	17	
120	Sfa120	0a-sfath	120	Sfath	120	17	
121	Sfa121	0a-sfath	121	Sfath	121	17	
122	Sfa122	0a-sfath	122	Sfath	122	17	
123	Sfa123	0a-sfath	123	Sfath	123	17	
124	Sfa124	0a-sfath	124	Sfath	124	17	
125	Sfa125	0a-sfath	125	Sfath	125	17	
126	Sfa126	0a-sfath	126	Sfath	126	17	
127	Sfa127	0a-sfath	127	Sfath	127	17	
128	Sfa128	0a-sfath	128	Sfath	128	17	
129	Sfa129	0a-sfath	129	Sfath	129	17	
130	Sfa130	0a-sfath	130	Sfath	130	17	
131	Sfa131	0a-sfath	131	Sfath	131	17	
132	Sfa132	0a-sfath	132	Sfath	132	17	
133	Sfa133	0a-sfath	133	Sfath	133	17	
134	Sfa134	0a-sfath	134	Sfath	134	17	
135	Sfa135	0a-sfath	135	Sfath	135	17	
136	Sfa136	0a-sfath	136	Sfath	136	17	
137	Sfa137	0a-sfath	137	Sfath	137	18	
138	Sfa138	0a-sfath	138	Sfath	138	18	
139	Sfa139	0a-sfath	139	Sfath	139	18	
140	Sfa140	0a-sfath	140	Sfath	140	18	
141	Sfa141	0a-sfath	141	Sfath	141	18	
142	Sfa142	0a-sfath	142	Sfath	142	18	
143	Sfa143	0a-sfath	143	Sfath	143	18	
144	Sfa144	0a-sfath	144	Sfath	144	18	
145	Sfa145	0a-sfath	145	Sfath	145	18	
146	Sfa146	0a-sfath	146	Sfath	146	18	
147	Sfa147	0a-sfath	147	Sfath	147	18	
148	Sfa148	0a-sfath	148	Sfath	148	18	
149	Sfa149	0a-sfath	149	Sfath	149	18	
150	Sfa150	0a-sfath	150	Sfath	150	18	
151	Sfa151	0a-sfath	151	Sfath	151	18	
152	Sfa152	0a-sfath	152	Sfath	152	18	
153	Sfa153	0a-sfath	153	Sfath	153	18	
154	Sfa154	0a-sfath	154	Sfath	154	18	
155	Sfa155	0a-sfath	155	Sfath	155	19	
156	Sfa156	0a-sfath	156	Sfath	156	19	
157	Sfa157	0a-sfath	157	Sfath	157	19	
158	Sfa158	0a-sfath	158	Sfath	158	19	
159	Sfa159	0a-sfath	159	Sfath	159	19	
160	Sfa160	0a-sfath	160	Sfath	160	19	
161	Sfa161	0a-sfath	161	Sfath	161	19	
162	Sfa162	0a-sfath	162	Sfath	162	19	
163	Sfa163	0a-sfath	163	Sfath	163	19	
164	Sfa164	0a-sfath	164	Sfath	164	19	
165	Sfa165	0a-sfath	165	Sfath	165	19	
166	Sfa166	0a-sfath	166	Sfath	166	19	
167	Sfa167	0a-sfath	167	Sfath	167	19	
168	Sfa168	0a-sfath	168	Sfath	168	19	
169	Sfa169	0a-sfath	169	Sfath	169	19	
170	Sfa170	0a-sfath	170	Sfath	170	19	
171	Sfa171	0a-sfath	171	Sfath	171	19	
172	Sfa172	0a-sfath	172	Sfath	172	20	
173	Sfa173	0a-sfath	173	Sfath	173	20	
174	Sfa174	0a-sfath	174	Sfath	174	20	
175	Sfa175	0a-sfath	175	Sfath	175	20	
176	Sfa176	0a-sfath	176	Sfath	176	20	
177	Sfa177	0a-sfath	177	Sfath	177	20	
178	Sfa178	0a-sfath	178	Sfath	178	20	
179	Sfa179	0a-sfath	179	Sfath	179	20	
180	Sfa180	0a-sfath	180	Sfath	180	20	
181	Sfa181	0a-sfath	181	Sfath	181	20	
182	Sfa182	0a-sfath	182	Sfath	182	20	
183	Sfa183	0a-sfath	183	Sfath	183	20	
184	Sfa184	0a-sfath	184	Sfath	184	20	
185	Sfa185	0a-sfath	185	Sfath	185	20	
186	Sfa186	0a-sfath	186	Sfath	186	20	
187	Sfa187	0a-sfath	187	Sfath	187	20	
188	Sfa188	0a-sfath	188	Sfath	188	20	
189	Sfa189	0a-sfath	189	Sfath	189	20	
190	Sfa190	0a-sfath	190	Sfath	190	20	
191	Sfa191	0a-sfath	191	Sfath	191	20	
192	Sem1	1a-einführung	1	Semjase	1	27	
193	Sem2	1a-einführung	2	Semjase	2	27	
194	Sem3	1a-einführung	3	Semjase	3	27	
195	Sem4	1a-einführung	4	Semjase	4	27	
196	Sem5	1a-einführung	5	Semjase	5	27	
197	Sem6	1a-einführung	6	Semjase	6	27	
198	Sem7	1a-einführung	7	Semjase	7	27	
199	Sem8	1a-einführung	8	Semjase	8	27	
200	Sem9	1a-einführung	9	Semjase	9	27	
201	Sem10	1a-einführung	10	Semjase	10	27	
202	Sem11	1a-einführung	11	Semjase	11	27	
203	Sem12	1a-einführung	12	Semjase	12	27	
204	Sem13	1a-einführung	13	Semjase	13	27	
205	Sem14	1a-einführung	14	Semjase	14	27	
206	Sem15	1a-einführung	15	Semjase	15	27	
207	Sem16	1a-einführung	16	Semjase	16	27	
208	Sem17	1a-einführung	17	Semjase	17	27	
209	Sem18	1a-einführung	18	Semjase	18	28	
210	Sem19	1a-einführung	19	Semjase	19	28	
211	Sem20	1a-einführung	20	Semjase	20	28	
212	Sem21	1a-einführung	21	Semjase	21	28	
213	Sem22	1a-einführung	22	Semjase	22	28	
214	Sem1	1	1	Semjase	1	28	
215	Sem2	1	2	Semjase	2	28	
216	Sem3	1	3	Semjase	3	28	
217	Sem4	1	4	Semjase	4	28	
218	Sem5	1	5	Semjase	5	28	
219	Sem6	1	6	Semjase	6	28	
220	Sem7	1	7	Semjase	7	28	
221	Sem8	1	8	Semjase	8	28	
222	Sem9	1	9	Semjase	9	28	
223	Sem10	1	10	Semjase	10	28	
224	Sem11	1	11	Semjase	11	28	
225	Sem12	1	12	Semjase	12	28	
226	Sem13	1	13	Semjase	13	28	
227	Sem14	1	14	Semjase	14	28	
228	Sem15	1	15	Semjase	15	28	
229	Sem16	1	16	Semjase	16	28	
230	Sem17	1	17	Semjase	17	28	
231	Sem18	1	18	Semjase	18	29	
232	Sem19	1	19	Semjase	19	29	
233	Sem20	1	20	Semjase	20	29	
234	Sem21	1	21	Semjase	21	29	
235	Sem22	1	22	Semjase	22	29	
236	Sem23	1	23	Semjase	23	29	
237	Sem24	1	24	Semjase	24	29	
238	Sem25	1	25	Semjase	25	29	
239	Sem26	1	26	Semjase	26	29	
240	Sem27	1	27	Semjase	27	29	
241	Sem28	1	28	Semjase	28	29	
242	Sem29	1	29	Semjase	29	29	
243	Sem30	1	30	Semjase	30	29	
244	Sem31	1	31	Semjase	31	29	
245	Sem32	1	32	Semjase	32	29	
246	Sem33	1	33	Semjase	33	29	
247	Sem34	1	34	Semjase	34	29	
248	Sem35	1	35	Semjase	35	29	
249	Sem36	1	36	Semjase	36	29	
250	Sem37	1	37	Semjase	37	29	
251	Sem38	1	38	Semjase	38	29	
252	Sem39	1	39	Semjase	39	29	
253	Sem40	1	40	Semjase	40	29	
254	Sem41	1	41	Semjase	41	29	
255	Sem42	1	42	Semjase	42	29	
256	Sem43	1	43	Semjase	43	29	
257	Sem44	1	44	Semjase	44	29	
258	Sem45	1	45	Semjase	45	29	
259	Sem46	1	46	Semjase	46	29	
260	Sem47	1	47	Semjase	47	29	
261	Sem48	1	48	Semjase	48	29	
262	Sem49	1	49	Semjase	49	29	
263	Sem50	1	50	Semjase	50	29	
264	Sem51	1	51	Semjase	51	30	
265	Sem52	1	52	Semjase	52	30	
266	Sem53	1	53	Semjase	53	30	
267	Sem54	1	54	Semjase	54	30	
268	Sem55	1	55	Semjase	55	30	
269	Sem56	1	56	Semjase	56	30	
270	Sem57	1	57	Semjase	57	30	
271	Sem58	1	58	Semjase	58	30	
272	Sem59	1	59	Semjase	59	30	
273	Sem60	1	60	Semjase	60	30	
274	Sem61	1	61	Semjase	61	30	
275	Sem62	1	62	Semjase	62	30	
276	Sem63	1	63	Semjase	63	30	
277	Sem64	1	64	Semjase	64	30	
278	Sem65	1	65	Semjase	65	30	
279	Sem66	1	66	Semjase	66	30	
280	Sem67	1	67	Semjase	67	30	
281	Sem68	1	68	Semjase	68	30	
282	Sem69	1	69	Semjase	69	30	
283	Sem70	1	70	Semjase	70	30	
284	Sem71	1	71	Semjase	71	30	
285	Sem72	1	72	Semjase	72	30	
286	Sem73	1	73	Semjase	73	30	
287	Sem74	1	74	Semjase	74	30	
288	Sem75	1	75	Semjase	75	30	
289	Sem76	1	76	Semjase	76	30	
290	Sem77	1	77	Semjase	77	30	
291	Sem78	1	78	Semjase	78	30	
292	Sem79	1	79	Semjase	79	30	
293	Sem1	2	1	Semjase	1	31	
294	Sem2	2	2	Semjase	2	31	
295	Sem3	2	3	Semjase	3	31	
296	Sem4	2	4	Semjase	4	31	
297	Sem5	2	5	Semjase	5	31	
298	Sem6	2	6	Semjase	6	31	
299	Sem7	2	7	Semjase	7	31	
300	Sem8	2	8	Semjase	8	31	
301	Sem9	2	9	Semjase	9	31	
302	Sem10	2	10	Semjase	10	31	
303	Sem11	2	11	Semjase	11	31	
304	Sem12	2	12	Semjase	12	31	
305	Sem13	2	13	Semjase	13	31	
306	Sem14	2	14	Semjase	14	31	
307	Sem15	2	15	Semjase	15	31	
308	Sem16	2	16	Semjase	16	31	
309	Sem17	2	17	Semjase	17	31	
310	Sem18	2	18	Semjase	18	31	
311	Sem19	2	19	Semjase	19	31	
312	Sem20	2	20	Semjase	20	31	
313	Sem21	2	21	Semjase	21	31	
314	Sem22	2	22	Semjase	22	31	
315	Sem23	2	23	Semjase	23	32	
316	Sem24	2	24	Semjase	24	32	
317	Sem25	2	25	Semjase	25	32	
318	Sem26	2	26	Semjase	26	32	
319	Sem27	2	27	Semjase	27	32	
320	Sem28	2	28	Semjase	28	32	
321	Sem29	2	29	Semjase	29	32	
322	Sem30	2	30	Semjase	30	32	
323	Sem31	2	31	Semjase	31	32	
324	Sem32	2	32	Semjase	32	32	
325	Sem33	2	33	Semjase	33	32	
326	Sem34	2	34	Semjase	34	32	
327	Sem35	2	35	Semjase	35	32	
328	Sem36	2	36	Semjase	36	32	
329	Sem37	2	37	Semjase	37	32	
330	Sem38	2	38	Semjase	38	32	
331	Sem39	2	39	Semjase	39	32	
332	Sem40	2	40	Semjase	40	32	
333	Sem41	2	41	Semjase	41	32	
334	Sem42	2	42	Semjase	42	32	
335	Sem43	2	43	Semjase	43	32	
336	Sem44	2	44	Semjase	44	32	
337	Sem45	2	45	Semjase	45	32	
338	Sem46	2	46	Semjase	46	32	
339	Sem47	2	47	Semjase	47	32	
340	Sem48	2	48	Semjase	48	33	
341	Sem49	2	49	Semjase	49	33	
342	Sem50	2	50	Semjase	50	33	
343	Sem51	2	51	Semjase	51	33	
344	Sem52	2	52	Semjase	52	33	
345	Sem53	2	53	Semjase	53	33	
346	Sem54	2	54	Semjase	54	33	
347	Sem55	2	55	Semjase	55	33	
348	Sem56	2	56	Semjase	56	33	
349	Sem57	2	57	Semjase	57	33	
350	Sem58	2	58	Semjase	58	33	
351	Sem59	2	59	Semjase	59	33	
352	Sem60	2	60	Semjase	60	33	
353	Sem61	2	61	Semjase	61	33	
354	Sem62	2	62	Semjase	62	33	
355	Sem63	2	63	Semjase	63	33	
356	Sem64	2	64	Semjase	64	33	
357	Sem65	2	65	Semjase	65	33	
358	Sem66	2	66	Semjase	66	33	
359	Sem67	2	67	Semjase	67	33	
360	Sem68	2	68	Semjase	68	33	
361	Sem69	2	69	Semjase	69	33	
362	Sem70	2	70	Semjase	70	34	
363	Sem71	2	71	Semjase	71	34	
364	Sem72	2	72	Semjase	72	34	
365	Sem73	2	73	Semjase	73	34	
366	Sem74	2	74	Semjase	74	34	
367	Sem75	2	75	Semjase	75	34	
368	Sem1	3	1	Semjase	1	34	
369	Sem2	3	2	Semjase	2	34	
370	Sem3	3	3	Semjase	3	34	
371	Sem4	3	4	Semjase	4	34	
372	Sem5	3	5	Semjase	5	34	
373	Sem6	3	6	Semjase	6	34	
374	Sem7	3	7	Semjase	7	35	
375	Sem8	3	8	Semjase	8	35	
376	Sem9	3	9	Semjase	9	35	
377	Sem10	3	10	Semjase	10	35	
378	Sem11	3	11	Semjase	11	35	
379	Sem12	3	12	Semjase	12	35	
380	Sem13	3	13	Semjase	13	35	
381	Sem14	3	14	Semjase	14	35	
382	Sem15	3	15	Semjase	15	35	
383	Sem16	3	16	Semjase	16	35	
384	Sem17	3	17	Semjase	17	35	
385	Sem18	3	18	Semjase	18	35	
386	Sem19	3	19	Semjase	19	35	
387	Sem20	3	20	Semjase	20	35	
388	Sem21	3	21	Semjase	21	35	
389	Sem22	3	22	Semjase	22	35	
390	Sem23	3	23	Semjase	23	35	
391	Sem24	3	24	Semjase	24	35	
392	Sem25	3	25	Semjase	25	35	
393	Sem26	3	26	Semjase	26	35	
394	Sem27	3	27	Semjase	27	35	
395	Sem28	3	28	Semjase	28	35	
396	Sem29	3	29	Semjase	29	35	
397	Sem30	3	30	Semjase	30	36	
398	Sem31	3	31	Semjase	31	36	
399	Sem32	3	32	Semjase	32	36	
400	Sem33	3	33	Semjase	33	36	
401	Sem34	3	34	Semjase	34	36	
402	Sem35	3	35	Semjase	35	36	
403	Sem36	3	36	Semjase	36	36	
404	Sem37	3	37	Semjase	37	36	
405	Sem38	3	38	Semjase	38	36	
406	Sem39	3	39	Semjase	39	36	
407	Sem40	3	40	Semjase	40	36	
408	Sem41	3	41	Semjase	41	36	
409	Sem42	3	42	Semjase	42	36	
410	Sem43	3	43	Semjase	43	36	
411	Sem44	3	44	Semjase	44	36	
412	Sem45	3	45	Semjase	45	37	
413	Sem46	3	46	Semjase	46	37	
414	Sem47	3	47	Semjase	47	37	
415	Sem48	3	48	Semjase	48	37	
416	Sem49	3	49	Semjase	49	37	
417	Sem50	3	50	Semjase	50	37	
418	Sem51	3	51	Semjase	51	37	
419	Sem52	3	52	Semjase	52	37	
420	Sem53	3	53	Semjase	53	37	
421	Sem1	4	1	Semjase	1	38	
422	Sem2	4	2	Semjase	2	38	
423	Sem3	4	3	Semjase	3	38	
424	Sem4	4	4	Semjase	4	38	
425	Sem5	4	5	Semjase	5	38	
426	Sem6	4	6	Semjase	6	38	
427	Sem7	4	7	Semjase	7	38	
428	Sem8	4	8	Semjase	8	38	
429	Sem9	4	9	Semjase	9	38	
430	Sem10	4	10	Semjase	10	38	
431	Sem11	4	11	Semjase	11	38	
432	Sem12	4	12	Semjase	12	38	
433	Sem13	4	13	Semjase	13	38	
434	Sem14	4	14	Semjase	14	38	
435	Sem15	4	15	Semjase	15	38	
436	Sem16	4	16	Semjase	16	38	
437	Sem17	4	17	Semjase	17	38	
438	Sem18	4	18	Semjase	18	38	
439	Sem19	4	19	Semjase	19	38	
440	Sem20	4	20	Semjase	20	38	
441	Sem21	4	21	Semjase	21	38	
442	Sem22	4	22	Semjase	22	38	
443	Sem23	4	23	Semjase	23	38	
444	Sem24	4	24	Semjase	24	38	
445	Sem25	4	25	Semjase	25	38	
446	Sem26	4	26	Semjase	26	38	
447	Sem27	4	27	Semjase	27	38	
448	Sem28	4	28	Semjase	28	39	
449	Sem29	4	29	Semjase	29	39	
450	Sem30	4	30	Semjase	30	39	
451	Sem31	4	31	Semjase	31	39	
452	Sem32	4	32	Semjase	32	39	
453	Sem33	4	33	Semjase	33	39	
454	Sem34	4	34	Semjase	34	39	
455	Sem35	4	35	Semjase	35	39	
456	Sem36	4	36	Semjase	36	39	
457	Sem37	4	37	Semjase	37	39	
458	Sem38	4	38	Semjase	38	39	
459	Sem39	4	39	Semjase	39	39	
460	Sem40	4	40	Semjase	40	39	
461	Sem41	4	41	Semjase	41	39	
462	Sem42	4	42	Semjase	42	39	
463	Sem43	4	43	Semjase	43	39	
464	Sem44	4	44	Semjase	44	39	
465	Sem45	4	45	Semjase	45	39	
466	Sem46	4	46	Semjase	46	39	
467	Sem47	4	47	Semjase	47	39	
468	Sem48	4	48	Semjase	48	40	
469	Sem49	4	49	Semjase	49	40	
470	Sem50	4	50	Semjase	50	40	
471	Sem51	4	51	Semjase	51	40	
472	Sem52	4	52	Semjase	52	40	
473	Sem53	4	53	Semjase	53	40	
474	Sem54	4	54	Semjase	54	40	
475	Sem55	4	55	Semjase	55	40	
476	Sem56	4	56	Semjase	56	40	
477	Sem57	4	57	Semjase	57	40	
478	Sem58	4	58	Semjase	58	40	
479	Sem59	4	59	Semjase	59	40	
480	Sem60	4	60	Semjase	60	40	
481	Sem61	4	61	Semjase	61	40	
482	Sem62	4	62	Semjase	62	40	
483	Sem63	4	63	Semjase	63	40	
484	Sem64	4	64	Semjase	64	40	
485	Sem65	4	65	Semjase	65	40	
486	Sem66	4	66	Semjase	66	40	
487	Sem67	4	67	Semjase	67	40	
488	Sem68	4	68	Semjase	68	41	
489	Sem69	4	69	Semjase	69	41	
490	Sem70	4	70	Semjase	70	41	
491	Sem71	4	71	Semjase	71	41	
492	Sem72	4	72	Semjase	72	41	
493	Sem73	4	73	Semjase	73	41	
494	Sem74	4	74	Semjase	74	41	
495	Sem75	4	75	Semjase	75	41	
496	Sem76	4	76	Semjase	76	41	
497	Sem77	4	77	Semjase	77	41	
498	Sem78	4	78	Semjase	78	41	
499	Sem79	4	79	Semjase	79	41	
500	Sem80	4	80	Semjase	80	41	
501	Sem81	4	81	Semjase	81	41	
502	Sem82	4	82	Semjase	82	41	
503	Sem83	4	83	Semjase	83	41	
504	Sem84	4	84	Semjase	84	41	
505	Sem85	4	85	Semjase	85	41	
506	Sem86	4	86	Semjase	86	41	
507	Sem87	4	87	Semjase	87	41	
508	Sem88	4	88	Semjase	88	42	
509	Sem89	4	89	Semjase	89	42	
510	Sem90	4	90	Semjase	90	42	
511	Sem91	4	91	Semjase	91	42	
512	Sem92	4	92	Semjase	92	42	
513	Sem93	4	93	Semjase	93	42	
514	Sem94	4	94	Semjase	94	42	
515	Sem95	4	95	Semjase	95	42	
516	Sem96	4	96	Semjase	96	42	
517	Sem97	4	97	Semjase	97	42	
518	Sem98	4	98	Semjase	98	42	
519	Sem99	4	99	Semjase	99	42	
520	Sem100	4	100	Semjase	100	42	
521	Sem101	4	101	Semjase	101	42	
522	Sem102	4	102	Semjase	102	42	
523	Sem103	4	103	Semjase	103	42	
524	Sem104	4	104	Semjase	104	42	
525	Sem105	4	105	Semjase	105	42	
526	Sem106	4	106	Semjase	106	42	
527	Sem107	4	107	Semjase	107	42	
528	Sem108	4	108	Semjase	108	42	
529	Sem109	4	109	Semjase	109	42	
530	Sem110	4	110	Semjase	110	42	
531	Sem111	4	111	Semjase	111	42	
532	Sem112	4	112	Semjase	112	42	
533	Sem113	4	113	Semjase	113	42	
534	Sem114	4	114	Semjase	114	43	
535	Sem115	4	115	Semjase	115	43	
536	Sem116	4	116	Semjase	116	43	
537	Sem1	5	1	Semjase	1	43	
538	Sem2	5	2	Semjase	2	43	
539	Sem3	5	3	Semjase	3	43	
540	Sem4	5	4	Semjase	4	43	
541	Sem5	5	5	Semjase	5	43	
542	Sem6	5	6	Semjase	6	43	
543	Sem7	5	7	Semjase	7	43	
544	Sem8	5	8	Semjase	8	43	
545	Sem9	5	9	Semjase	9	43	
546	Sem10	5	10	Semjase	10	43	
547	Sem11	5	11	Semjase	11	43	
548	Sem12	5	12	Semjase	12	44	
549	Sem13	5	13	Semjase	13	44	
550	Sem14	5	14	Semjase	14	44	
551	Sem15	5	15	Semjase	15	44	
552	Sem16	5	16	Semjase	16	44	
553	Sem17	5	17	Semjase	17	44	
554	Sem18	5	18	Semjase	18	44	
555	Sem19	5	19	Semjase	19	44	
556	Sem20	5	20	Semjase	20	44	
557	Sem21	5	21	Semjase	21	44	
558	Sem22	5	22	Semjase	22	44	
559	Sem23	5	23	Semjase	23	44	
560	Sem24	5	24	Semjase	24	44	
561	Sem25	5	25	Semjase	25	44	
562	Sem26	5	26	Semjase	26	44	
563	Sem27	5	27	Semjase	27	44	
564	Sem28	5	28	Semjase	28	44	
565	Sem29	5	29	Semjase	29	44	
566	Sem30	5	30	Semjase	30	44	
567	Sem31	5	31	Semjase	31	45	
568	Sem32	5	32	Semjase	32	45	
569	Sem33	5	33	Semjase	33	45	
570	Sem34	5	34	Semjase	34	45	
571	Sem35	5	35	Semjase	35	45	
572	Sem36	5	36	Semjase	36	45	
573	Sem37	5	37	Semjase	37	45	
574	Sem38	5	38	Semjase	38	45	
575	Sem39	5	39	Semjase	39	45	
576	Sem40	5	40	Semjase	40	45	
577	Sem41	5	41	Semjase	41	45	
578	Sem42	5	42	Semjase	42	45	
579	Sem43	5	43	Semjase	43	45	
580	Sem44	5	44	Semjase	44	45	
581	Sem45	5	45	Semjase	45	45	
582	Sem46	5	46	Semjase	46	45	
583	Sem47	5	47	Semjase	47	45	
584	Sem48	5	48	Semjase	48	45	
585	Sem49	5	49	Semjase	49	45	
586	Sem50	5	50	Semjase	50	45	
587	Sem51	5	51	Semjase	51	45	
588	Sem52	5	52	Semjase	52	45	
589	Sem53	5	53	Semjase	53	45	
590	Sem54	5	54	Semjase	54	45	
591	Sem55	5	55	Semjase	55	45	
592	Sem56	5	56	Semjase	56	45	
593	Sem57	5	57	Semjase	57	45	
594	Sem58	5	58	Semjase	58	45	
595	Sem59	5	59	Semjase	59	46	
596	Sem60	5	60	Semjase	60	46	
597	Sem61	5	61	Semjase	61	46	
598	Sem62	5	62	Semjase	62	46	
599	Sem63	5	63	Semjase	63	46	
600	Sem64	5	64	Semjase	64	46	
601	Sem65	5	65	Semjase	65	46	
602	Sem66	5	66	Semjase	66	46	
603	Sem67	5	67	Semjase	67	46	
604	Sem68	5	68	Semjase	68	46	
605	Sem69	5	69	Semjase	69	46	
606	Sem70	5	70	Semjase	70	46	
607	Sem71	5	71	Semjase	71	46	
608	Sem72	5	72	Semjase	72	46	
609	Sem73	5	73	Semjase	73	46	
610	Sem74	5	74	Semjase	74	46	
611	Sem75	5	75	Semjase	75	46	
612	Sem76	5	76	Semjase	76	46	
613	Sem77	5	77	Semjase	77	46	
614	Sem78	5	78	Semjase	78	46	
615	Sem79	5	79	Semjase	79	46	
616	Sem80	5	80	Semjase	80	46	
617	Sem81	5	81	Semjase	81	46	
618	Sem82	5	82	Semjase	82	46	
619	Sem83	5	83	Semjase	83	46	
620	Sem84	5	84	Semjase	84	47	
621	Sem85	5	85	Semjase	85	47	
622	Sem86	5	86	Semjase	86	47	
623	Sem87	5	87	Semjase	87	47	
624	Sem88	5	88	Semjase	88	47	
625	Sem89	5	89	Semjase	89	47	
626	Sem90	5	90	Semjase	90	47	
627	Sem91	5	91	Semjase	91	47	
628	Sem92	5	92	Semjase	92	47	
629	Sem93	5	93	Semjase	93	47	
630	Sem94	5	94	Semjase	94	47	
631	Sem95	5	95	Semjase	95	47	
632	Sem96	5	96	Semjase	96	47	
633	Sem97	5	97	Semjase	97	47	
634	Sem98	5	98	Semjase	98	47	
635	Sem99	5	99	Semjase	99	47	
636	Sem100	5	100	Semjase	100	47	
637	Sem101	5	101	Semjase	101	47	
638	Sem102	5	102	Semjase	102	47	
639	Sem103	5	103	Semjase	103	47	
640	Sem104	5	104	Semjase	104	47	
641	Sem105	5	105	Semjase	105	47	
642	Sem106	5	106	Semjase	106	47	
643	Sem107	5	107	Semjase	107	47	
644	Sem108	5	108	Semjase	108	47	
645	Sem109	5	109	Semjase	109	47	
646	Sem110	5	110	Semjase	110	47	
647	Sem111	5	111	Semjase	111	47	
648	Sem112	5	112	Semjase	112	47	
649	Sem113	5	113	Semjase	113	47	
650	Sem114	5	114	Semjase	114	48	
651	Sem115	5	115	Semjase	115	48	
652	Sem116	5	116	Semjase	116	48	
653	Sem117	5	117	Semjase	117	48	
654	Sem118	5	118	Semjase	118	48	
655	Sem119	5	119	Semjase	119	48	
656	Sem120	5	120	Semjase	120	48	
657	Sem121	5	121	Semjase	121	48	
658	Sem122	5	122	Semjase	122	48	
659	Sem123	5	123	Semjase	123	48	
660	Sem124	5	124	Semjase	124	48	
661	Sem125	5	125	Semjase	125	48	
662	Sem126	5	126	Semjase	126	48	
663	Sem127	5	127	Semjase	127	48	
664	Sem128	5	128	Semjase	128	48	
665	Sem129	5	129	Semjase	129	48	
666	Sem130	5	130	Semjase	130	48	
667	Sem131	5	131	Semjase	131	48	
668	Sem132	5	132	Semjase	132	48	
669	Sem133	5	133	Semjase	133	48	
670	Sem134	5	134	Semjase	134	48	
671	Sem135	5	135	Semjase	135	48	
672	Sem136	5	136	Semjase	136	48	
673	Sem137	5	137	Semjase	137	48	
674	Sem138	5	138	Semjase	138	48	
675	Sem139	5	139	Semjase	139	48	
676	Sem140	5	140	Semjase	140	49	
677	Sem141	5	141	Semjase	141	49	
678	Sem142	5	142	Semjase	142	49	
679	Sem143	5	143	Semjase	143	49	
680	Sem144	5	144	Semjase	144	49	
681	Sem145	5	145	Semjase	145	49	
682	Sem146	5	146	Semjase	146	49	
683	Sem147	5	147	Semjase	147	49	
684	Sem148	5	148	Semjase	148	49	
685	Sem149	5	149	Semjase	149	49	
686	Sem150	5	150	Semjase	150	49	
687	Sem151	5	151	Semjase	151	49	
688	Sem152	5	152	Semjase	152	49	
689	Sem153	5	153	Semjase	153	49	
690	Sem154	5	154	Semjase	154	49	
691	Sem155	5	155	Semjase	155	49	
692	Sem156	5	156	Semjase	156	49	
693	Sem157	5	157	Semjase	157	49	
694	Sem158	5	158	Semjase	158	49	
695	Sem159	5	159	Semjase	159	49	
696	Sem160	5	160	Semjase	160	49	
697	Sem161	5	161	Semjase	161	49	
698	Sem162	5	162	Semjase	162	49	
699	Sem163	5	163	Semjase	163	49	
700	Sem164	5	164	Semjase	164	49	
701	Sem165	5	165	Semjase	165	49	
702	Sem166	5	166	Semjase	166	49	
703	Sem167	5	167	Semjase	167	49	
704	Sem168	5	168	Semjase	168	49	
705	Sem169	5	169	Semjase	169	49	
706	Sem170	5	170	Semjase	170	49	
707	Sem171	5	171	Semjase	171	50	
708	Sem172	5	172	Semjase	172	50	
709	Sem173	5	173	Semjase	173	50	
710	Sem174	5	174	Semjase	174	50	
711	Sem175	5	175	Semjase	175	50	
712	Sem176	5	176	Semjase	176	50	
713	Sem177	5	177	Semjase	177	50	
714	Sem178	5	178	Semjase	178	50	
715	Sem179	5	179	Semjase	179	50	
716	Sem180	5	180	Semjase	180	50	
717	Sem181	5	181	Semjase	181	50	
718	Sem182	5	182	Semjase	182	50	
719	Sem183	5	183	Semjase	183	50	
720	Sem184	5	184	Semjase	184	50	
721	Sem185	5	185	Semjase	185	50	
722	Sem186	5	186	Semjase	186	50	
723	Sem187	5	187	Semjase	187	50	
724	Sem188	5	188	Semjase	188	50	
725	Sem189	5	189	Semjase	189	50	
726	Sem190	5	190	Semjase	190	50	
727	Sem191	5	191	Semjase	191	50	
728	Sem192	5	192	Semjase	192	50	
729	Sem193	5	193	Semjase	193	50	
730	Sem194	5	194	Semjase	194	50	
731	Sem195	5	195	Semjase	195	50	
732	Sem1	6	1	Semjase	1	50	
733	Sem2	6	2	Semjase	2	50	
734	Sem3	6	3	Semjase	3	50	
735	Sem4	6	4	Semjase	4	51	
736	Sem5	6	5	Semjase	5	51	
737	Sem6	6	6	Semjase	6	51	
738	Sem7	6	7	Semjase	7	51	
739	Sem8	6	8	Semjase	8	51	
740	Sem9	6	9	Semjase	9	51	
741	Sem10	6	10	Semjase	10	51	
742	Sem11	6	11	Semjase	11	51	
743	Sem12	6	12	Semjase	12	51	
744	Sem13	6	13	Semjase	13	51	
745	Sem14	6	14	Semjase	14	51	
746	Sem15	6	15	Semjase	15	51	
747	Sem16	6	16	Semjase	16	51	
748	Sem17	6	17	Semjase	17	51	
749	Sem18	6	18	Semjase	18	51	
750	Sem19	6	19	Semjase	19	51	
751	Sem20	6	20	Semjase	20	51	
752	Sem21	6	21	Semjase	21	51	
753	Sem22	6	22	Semjase	22	51	
754	Sem23	6	23	Semjase	23	51	
755	Sem24	6	24	Semjase	24	51	
756	Sem25	6	25	Semjase	25	51	
757	Sem26	6	26	Semjase	26	51	
758	Sem27	6	27	Semjase	27	51	
759	Sem28	6	28	Semjase	28	52	
760	Sem29	6	29	Semjase	29	52	
761	Sem30	6	30	Semjase	30	52	
762	Sem31	6	31	Semjase	31	52	
763	Sem32	6	32	Semjase	32	52	
764	Sem33	6	33	Semjase	33	52	
765	Sem34	6	34	Semjase	34	52	
766	Sem35	6	35	Semjase	35	52	
767	Sem36	6	36	Semjase	36	52	
768	Sem37	6	37	Semjase	37	52	
769	Sem38	6	38	Semjase	38	52	
770	Sem39	6	39	Semjase	39	52	
771	Sem40	6	40	Semjase	40	52	
772	Sem41	6	41	Semjase	41	52	
773	Sem42	6	42	Semjase	42	52	
774	Sem43	6	43	Semjase	43	53	
775	Sem44	6	44	Semjase	44	53	
776	Sem45	6	45	Semjase	45	53	
777	Sem46	6	46	Semjase	46	53	
778	Sem47	6	47	Semjase	47	53	
779	Sem48	6	48	Semjase	48	53	
780	Sem49	6	49	Semjase	49	53	
781	Sem50	6	50	Semjase	50	53	
782	Sem51	6	51	Semjase	51	53	
783	Sem52	6	52	Semjase	52	53	
784	Sem53	6	53	Semjase	53	53	
785	Sem54	6	54	Semjase	54	53	
786	Sem55	6	55	Semjase	55	53	
787	Sem56	6	56	Semjase	56	53	
788	Sem57	6	57	Semjase	57	53	
789	Sem58	6	58	Semjase	58	53	
790	Sem59	6	59	Semjase	59	53	
791	Sem60	6	60	Semjase	60	53	
792	Sem61	6	61	Semjase	61	53	
793	Sem62	6	62	Semjase	62	53	
794	Sem63	6	63	Semjase	63	53	
795	Sem64	6	64	Semjase	64	53	
796	Sem65	6	65	Semjase	65	53	
797	Sem66	6	66	Semjase	66	53	
798	Sem67	6	67	Semjase	67	53	
799	Sem68	6	68	Semjase	68	53	
800	Sem69	6	69	Semjase	69	53	
801	Sem70	6	70	Semjase	70	53	
802	Sem71	6	71	Semjase	71	53	
803	Sem72	6	72	Semjase	72	54	
804	Sem73	6	73	Semjase	73	54	
805	Sem74	6	74	Semjase	74	54	
806	Sem75	6	75	Semjase	75	54	
807	Sem76	6	76	Semjase	76	54	
808	Sem77	6	77	Semjase	77	54	
809	Sem78	6	78	Semjase	78	54	
810	Sem79	6	79	Semjase	79	54	
811	Sem80	6	80	Semjase	80	54	
812	Sem81	6	81	Semjase	81	54	
813	Sem82	6	82	Semjase	82	54	
814	Sem83	6	83	Semjase	83	54	
815	Sem84	6	84	Semjase	84	54	
816	Sem85	6	85	Semjase	85	54	
817	Sem86	6	86	Semjase	86	54	
818	Sem87	6	87	Semjase	87	54	
819	Sem88	6	88	Semjase	88	54	
820	Sem89	6	89	Semjase	89	54	
821	Sem90	6	90	Semjase	90	54	
822	Sem91	6	91	Semjase	91	54	
823	Sem92	6	92	Semjase	92	54	
824	Sem93	6	93	Semjase	93	54	
825	Sem94	6	94	Semjase	94	54	
826	Sem95	6	95	Semjase	95	54	
827	Sem96	6	96	Semjase	96	54	
828	Sem97	6	97	Semjase	97	54	
829	Sem98	6	98	Semjase	98	54	
830	Sem99	6	99	Semjase	99	54	
831	Sem100	6	100	Semjase	100	54	
832	Sem101	6	101	Semjase	101	54	
833	Sem102	6	102	Semjase	102	54	
834	Sem103	6	103	Semjase	103	54	
835	Sem104	6	104	Semjase	104	54	
836	Sem105	6	105	Semjase	105	55	
837	Sem106	6	106	Semjase	106	55	
838	Sem107	6	107	Semjase	107	55	
839	Sem108	6	108	Semjase	108	55	
840	Sem109	6	109	Semjase	109	55	
841	Sem110	6	110	Semjase	110	55	
842	Sem111	6	111	Semjase	111	55	
843	Sem112	6	112	Semjase	112	55	
844	Sem113	6	113	Semjase	113	55	
845	Sem114	6	114	Semjase	114	55	
846	Sem115	6	115	Semjase	115	55	
847	Sem116	6	116	Semjase	116	55	
848	Sem117	6	117	Semjase	117	55	
849	Sem118	6	118	Semjase	118	55	
850	Sem119	6	119	Semjase	119	55	
851	Sem120	6	120	Semjase	120	55	
852	Sem121	6	121	Semjase	121	55	
853	Sem1	7	1	Semjase	1	55	
854	Sem2	7	2	Semjase	2	55	
855	Sem3	7	3	Semjase	3	56	
856	Sem4	7	4	Semjase	4	56	
857	Sem5	7	5	Semjase	5	56	
858	Sem6	7	6	Semjase	6	56	
859	Sem7	7	7	Semjase	7	56	
860	Sem8	7	8	Semjase	8	56	
861	Sem9	7	9	Semjase	9	56	
862	Sem10	7	10	Semjase	10	56	
863	Sem11	7	11	Semjase	11	56	
864	Sem12	7	12	Semjase	12	56	
865	Sem13	7	13	Semjase	13	56	
866	Sem14	7	14	Semjase	14	56	
867	Sem15	7	15	Semjase	15	56	
868	Sem16	7	16	Semjase	16	56	
869	Sem17	7	17	Semjase	17	56	
870	Sem18	7	18	Semjase	18	56	
871	Sem19	7	19	Semjase	19	56	
872	Sem20	7	20	Semjase	20	56	
873	Sem21	7	21	Semjase	21	56	
874	Sem22	7	22	Semjase	22	57	
875	Sem23	7	23	Semjase	23	57	
876	Sem24	7	24	Semjase	24	57	
877	Sem25	7	25	Semjase	25	57	
878	Sem26	7	26	Semjase	26	57	
879	Sem27	7	27	Semjase	27	57	
880	Sem28	7	28	Semjase	28	57	
881	Sem29	7	29	Semjase	29	57	
882	Sem30	7	30	Semjase	30	57	
883	Sem31	7	31	Semjase	31	57	
884	Sem32	7	32	Semjase	32	57	
885	Sem33	7	33	Semjase	33	57	
886	Sem34	7	34	Semjase	34	57	
887	Sem35	7	35	Semjase	35	57	
888	Sem36	7	36	Semjase	36	57	
889	Sem37	7	37	Semjase	37	57	
890	Sem38	7	38	Semjase	38	57	
891	Sem39	7	39	Semjase	39	57	
892	Sem40	7	40	Semjase	40	57	
893	Sem41	7	41	Semjase	41	57	
894	Sem42	7	42	Semjase	42	57	
895	Sem43	7	43	Semjase	43	57	
896	Sem44	7	44	Semjase	44	57	
897	Sem45	7	45	Semjase	45	58	
898	Sem46	7	46	Semjase	46	58	
899	Sem47	7	47	Semjase	47	58	
900	Sem48	7	48	Semjase	48	58	
901	Sem49	7	49	Semjase	49	58	
902	Sem50	7	50	Semjase	50	58	
903	Sem51	7	51	Semjase	51	58	
904	Sem52	7	52	Semjase	52	58	
905	Sem53	7	53	Semjase	53	58	
906	Sem54	7	54	Semjase	54	58	
907	Sem55	7	55	Semjase	55	58	
908	Sem56	7	56	Semjase	56	58	
909	Sem57	7	57	Semjase	57	58	
910	Sem58	7	58	Semjase	58	58	
911	Sem59	7	59	Semjase	59	58	
912	Sem60	7	60	Semjase	60	58	
913	Sem61	7	61	Semjase	61	58	
914	Sem62	7	62	Semjase	62	58	
915	Sem63	7	63	Semjase	63	58	
916	Sem64	7	64	Semjase	64	58	
917	Sem65	7	65	Semjase	65	59	
918	Sem66	7	66	Semjase	66	59	
919	Sem67	7	67	Semjase	67	59	
920	Sem68	7	68	Semjase	68	59	
921	Sem69	7	69	Semjase	69	59	
922	Sem70	7	70	Semjase	70	59	
923	Sem71	7	71	Semjase	71	59	
924	Sem72	7	72	Semjase	72	59	
925	Sem73	7	73	Semjase	73	59	
926	Sem74	7	74	Semjase	74	59	
927	Sem75	7	75	Semjase	75	59	
928	Sem76	7	76	Semjase	76	59	
929	Sem77	7	77	Semjase	77	60	
930	Sem78	7	78	Semjase	78	60	
931	Sem79	7	79	Semjase	79	60	
932	Sem80	7	80	Semjase	80	60	
933	Sem81	7	81	Semjase	81	60	
934	Sem82	7	82	Semjase	82	60	
935	Sem83	7	83	Semjase	83	60	
936	Sem84	7	84	Semjase	84	60	
937	Sem85	7	85	Semjase	85	60	
938	Sem86	7	86	Semjase	86	60	
939	Sem87	7	87	Semjase	87	60	
940	Sem88	7	88	Semjase	88	60	
941	Sem89	7	89	Semjase	89	60	
942	Sem90	7	90	Semjase	90	60	
943	Sem91	7	91	Semjase	91	60	
944	Sem92	7	92	Semjase	92	60	
945	Sem93	7	93	Semjase	93	60	
946	Sem94	7	94	Semjase	94	61	
947	Sem95	7	95	Semjase	95	61	
948	Sem96	7	96	Semjase	96	61	
949	Sem97	7	97	Semjase	97	61	
950	Sem98	7	98	Semjase	98	61	
951	Sem99	7	99	Semjase	99	61	
952	Sem100	7	100	Semjase	100	61	
953	Sem101	7	101	Semjase	101	61	
954	Sem102	7	102	Semjase	102	61	
955	Sem103	7	103	Semjase	103	61	
956	Sem104	7	104	Semjase	104	61	
957	Sem105	7	105	Semjase	105	61	
958	Sem106	7	106	Semjase	106	61	
959	Sem107	7	107	Semjase	107	61	
960	Sem108	7	108	Semjase	108	61	
961	Sem109	7	109	Semjase	109	61	
962	Sem110	7	110	Semjase	110	61	
963	Sem111	7	111	Semjase	111	62	
964	Sem112	7	112	Semjase	112	62	
965	Sem113	7	113	Semjase	113	62	
966	Sem114	7	114	Semjase	114	62	
967	Sem115	7	115	Semjase	115	62	
968	Sem116	7	116	Semjase	116	62	
969	Sem117	7	117	Semjase	117	62	
970	Sem118	7	118	Semjase	118	62	
971	Sem119	7	119	Semjase	119	62	
972	Sem120	7	120	Semjase	120	62	
973	Sem121	7	121	Semjase	121	62	
974	Sem122	7	122	Semjase	122	62	
975	Sem123	7	123	Semjase	123	62	
976	Sem124	7	124	Semjase	124	62	
977	Sem125	7	125	Semjase	125	62	
978	Sem126	7	126	Semjase	126	62	
979	Sem127	7	127	Semjase	127	62	
980	Sem128	7	128	Semjase	128	63	
981	Sem129	7	129	Semjase	129	63	
982	Sem130	7	130	Semjase	130	63	
983	Sem131	7	131	Semjase	131	63	
984	Sem132	7	132	Semjase	132	63	
985	Sem133	7	133	Semjase	133	63	
986	Sem134	7	134	Semjase	134	63	
987	Sem135	7	135	Semjase	135	63	
988	Sem136	7	136	Semjase	136	63	
989	Sem137	7	137	Semjase	137	63	
990	Sem138	7	138	Semjase	138	63	
991	Sem139	7	139	Semjase	139	63	
992	Sem140	7	140	Semjase	140	63	
993	Sem141	7	141	Semjase	141	63	
994	Sem142	7	142	Semjase	142	63	
995	Sem143	7	143	Semjase	143	63	
996	Sem144	7	144	Semjase	144	63	
997	Sem145	7	145	Semjase	145	63	
998	Sem146	7	146	Semjase	146	63	
999	Sem147	7	147	Semjase	147	63	
1000	Sem148	7	148	Semjase	148	63	
1001	Sem149	7	149	Semjase	149	63	
1002	Sem150	7	150	Semjase	150	63	
1003	Sem151	7	151	Semjase	151	63	
1004	Sem152	7	152	Semjase	152	63	
1005	Sem153	7	153	Semjase	153	63	
1006	Sem154	7	154	Semjase	154	63	
1007	Sem155	7	155	Semjase	155	63	
1008	Sem156	7	156	Semjase	156	65	
1009	Sem157	7	157	Semjase	157	65	
1010	Sem158	7	158	Semjase	158	65	
1011	Sem159	7	159	Semjase	159	65	
1012	Sem160	7	160	Semjase	160	65	
1013	Sem161	7	161	Semjase	161	65	
1014	Sem162	7	162	Semjase	162	65	
1015	Sem163	7	163	Semjase	163	65	
1016	Sem164	7	164	Semjase	164	65	
1017	Sem165	7	165	Semjase	165	65	
1018	Sem166	7	166	Semjase	166	65	
1019	Sem167	7	167	Semjase	167	65	
1020	Sem168	7	168	Semjase	168	65	
1021	Sem169	7	169	Semjase	169	65	
1022	Sem170	7	170	Semjase	170	65	
1023	Sem171	7	171	Semjase	171	65	
1024	Sem172	7	172	Semjase	172	65	
1025	Sem173	7	173	Semjase	173	65	
1026	Sem174	7	174	Semjase	174	65	
1027	Sem175	7	175	Semjase	175	65	
1028	Sem176	7	176	Semjase	176	65	
1029	Sem177	7	177	Semjase	177	65	
1030	Sem178	7	178	Semjase	178	65	
1031	Sem179	7	179	Semjase	179	65	
1032	Sem180	7	180	Semjase	180	65	
1033	Sem181	7	181	Semjase	181	66	
1034	Sem182	7	182	Semjase	182	66	
1035	Sem183	7	183	Semjase	183	66	
1036	Sem184	7	184	Semjase	184	66	
1037	Sem185	7	185	Semjase	185	66	
1038	Sem186	7	186	Semjase	186	66	
1039	Sem187	7	187	Semjase	187	66	
1040	Sem188	7	188	Semjase	188	66	
1041	Sem189	7	189	Semjase	189	66	
1042	Sem190	7	190	Semjase	190	66	
1043	Sem191	7	191	Semjase	191	66	
1044	Sem192	7	192	Semjase	192	66	
1045	Sem193	7	193	Semjase	193	66	
1046	Sem194	7	194	Semjase	194	66	
1047	Sem195	7	195	Semjase	195	66	
1048	Sem196	7	196	Semjase	196	66	
1049	Sem197	7	197	Semjase	197	66	
1050	Sem198	7	198	Semjase	198	66	
1051	Sem199	7	199	Semjase	199	66	
1052	Sem200	7	200	Semjase	200	66	
1053	Sem201	7	201	Semjase	201	66	
1054	Sem202	7	202	Semjase	202	66	
1055	Sem203	7	203	Semjase	203	66	
1056	Sem204	7	204	Semjase	204	67	
1057	Sem205	7	205	Semjase	205	67	
1058	Sem206	7	206	Semjase	206	67	
1059	Sem207	7	207	Semjase	207	67	
1060	Sem208	7	208	Semjase	208	67	
1061	Sem209	7	209	Semjase	209	67	
1062	Sem210	7	210	Semjase	210	67	
1063	Sem211	7	211	Semjase	211	67	
1064	Sem212	7	212	Semjase	212	67	
1065	Sem213	7	213	Semjase	213	67	
1066	Sem214	7	214	Semjase	214	67	
1067	Sem215	7	215	Semjase	215	67	
1068	Sem216	7	216	Semjase	216	67	
1069	Sem217	7	217	Semjase	217	67	
1070	Sem218	7	218	Semjase	218	67	
1071	Sem219	7	219	Semjase	219	67	
1072	Sem220	7	220	Semjase	220	67	
1073	Sem221	7	221	Semjase	221	67	
1074	Sem222	7	222	Semjase	222	67	
1075	Sem223	7	223	Semjase	223	67	
1076	Sem224	7	224	Semjase	224	67	
1077	Sem225	7	225	Semjase	225	67	
1078	Sem226	7	226	Semjase	226	67	
1079	Sem227	7	227	Semjase	227	67	
1080	Sem228	7	228	Semjase	228	67	
1081	Sem229	7	229	Semjase	229	68	
1082	Sem230	7	230	Semjase	230	68	
1083	Sem231	7	231	Semjase	231	68	
1084	Sem232	7	232	Semjase	232	68	
1085	Sem233	7	233	Semjase	233	68	
1086	Sem234	7	234	Semjase	234	68	
1087	Sem235	7	235	Semjase	235	68	
1088	Sem236	7	236	Semjase	236	68	
1089	Sem237	7	237	Semjase	237	68	
1090	Sem238	7	238	Semjase	238	68	
1091	Sem239	7	239	Semjase	239	68	
1092	Sem240	7	240	Semjase	240	68	
1093	Sem241	7	241	Semjase	241	68	
1094	Sem242	7	242	Semjase	242	68	
1095	Sem243	7	243	Semjase	243	68	
1096	Sem244	7	244	Semjase	244	68	
1097	Sem245	7	245	Semjase	245	68	
1098	Sem246	7	246	Semjase	246	68	
1099	Sem247	7	247	Semjase	247	68	
1100	Sem248	7	248	Semjase	248	68	
1101	Sem249	7	249	Semjase	249	69	
1102	Sem250	7	250	Semjase	250	69	
1103	Sem251	7	251	Semjase	251	69	
1104	Sem252	7	252	Semjase	252	69	
1105	Sem1	7a-auftrag1	1	Semjase	1	69	
1106	Sem1	7b-auftrag2	1	Semjase	1	69	
1107	Sem2	7b-auftrag2	2	Semjase	2	69	
1108	Sem3	7b-auftrag2	3	Semjase	3	69	
1109	Sem4	7b-auftrag2	4	Semjase	4	69	
1110	Sem5	7b-auftrag2	5	Semjase	5	69	
1111	Sem6	7b-auftrag2	6	Semjase	6	69	
1112	Sem7	7b-auftrag2	7	Semjase	7	69	
1113	Sem8	7b-auftrag2	8	Semjase	8	69	
1114	Sem9	7b-auftrag2	9	Semjase	9	69	
1115	Sem10	7b-auftrag2	10	Semjase	10	70	
1116	Sem11	7b-auftrag2	11	Semjase	11	70	
1117	Sem12	7b-auftrag2	12	Semjase	12	70	
1118	Sem13	7b-auftrag2	13	Semjase	13	70	
1119	Sem14	7b-auftrag2	14	Semjase	14	70	
1120	Sem15	7b-auftrag2	15	Semjase	15	70	
1121	Sem16	7b-auftrag2	16	Semjase	16	70	
1122	Sem17	7b-auftrag2	17	Semjase	17	70	
1123	Sem18	7b-auftrag2	18	Semjase	18	70	
1124	Sem1	7c-auftrag3	1	Semjase	1	73	
1125	Sem2	7c-auftrag3	2	Semjase	2	73	
1126	Sem3	7c-auftrag3	3	Semjase	3	73	
1127	Sem4	7c-auftrag3	4	Semjase	4	73	
1128	Sem5	7c-auftrag3	5	Semjase	5	73	
1129	Sem6	7c-auftrag3	6	Semjase	6	73	
1130	Sem7	7c-auftrag3	7	Semjase	7	73	
1131	Sem8	7c-auftrag3	8	Semjase	8	73	
1132	Sem9	7c-auftrag3	9	Semjase	9	73	
1133	Sem10	7c-auftrag3	10	Semjase	10	73	
1134	Sem11	7c-auftrag3	11	Semjase	11	73	
1135	Sem12	7c-auftrag3	12	Semjase	12	73	
1136	Sem13	7c-auftrag3	13	Semjase	13	73	
1137	Sem14	7c-auftrag3	14	Semjase	14	73	
1138	Sem15	7c-auftrag3	15	Semjase	15	73	
1139	Sem16	7c-auftrag3	16	Semjase	16	73	
1140	Sem17	7c-auftrag3	17	Semjase	17	73	
1141	Sem18	7c-auftrag3	18	Semjase	18	73	
1142	Sem19	7c-auftrag3	19	Semjase	19	73	
1143	Sem20	7c-auftrag3	20	Semjase	20	73	
1144	Sem21	7c-auftrag3	21	Semjase	21	73	
1145	Sem22	7c-auftrag3	22	Semjase	22	73	
1146	Sem23	7c-auftrag3	23	Semjase	23	74	
1147	Sem24	7c-auftrag3	24	Semjase	24	74	
1148	Sem25	7c-auftrag3	25	Semjase	25	74	
1149	Sem26	7c-auftrag3	26	Semjase	26	74	
1150	Sem27	7c-auftrag3	27	Semjase	27	74	
1151	Sem28	7c-auftrag3	28	Semjase	28	74	
1152	Sem29	7c-auftrag3	29	Semjase	29	74	
1153	Sem30	7c-auftrag3	30	Semjase	30	74	
1154	Sem31	7c-auftrag3	31	Semjase	31	74	
1155	Sem32	7c-auftrag3	32	Semjase	32	74	
1156	Sem33	7c-auftrag3	33	Semjase	33	74	
1157	Sem34	7c-auftrag3	34	Semjase	34	74	
1158	Sem35	7c-auftrag3	35	Semjase	35	74	
1159	Sem36	7c-auftrag3	36	Semjase	36	74	
1160	Sem37	7c-auftrag3	37	Semjase	37	74	
1161	Sem38	7c-auftrag3	38	Semjase	38	74	
1162	Sem39	7c-auftrag3	39	Semjase	39	74	
1163	Sem40	7c-auftrag3	40	Semjase	40	74	
1164	Sem41	7c-auftrag3	41	Semjase	41	74	
1165	Sem42	7c-auftrag3	42	Semjase	42	74	
1166	Sem43	7c-auftrag3	43	Semjase	43	74	
1167	Sem44	7c-auftrag3	44	Semjase	44	74	
1168	Sem45	7c-auftrag3	45	Semjase	45	74	
1169	Sem46	7c-auftrag3	46	Semjase	46	74	
1170	Sem1	8	1	Semjase	1	76	
1171	Sem2	8	2	Semjase	2	76	
1172	Sem3	8	3	Semjase	3	76	
1173	Sem4	8	4	Semjase	4	76	
1174	Sem5	8	5	Semjase	5	76	
1175	Sem6	8	6	Semjase	6	76	
1176	Sem7	8	7	Semjase	7	76	
1177	Sem8	8	8	Semjase	8	76	
1178	Sem9	8	9	Semjase	9	76	
1179	Sem10	8	10	Semjase	10	76	
1180	Sem11	8	11	Semjase	11	76	
1181	Sem12	8	12	Semjase	12	76	
1182	Sem13	8	13	Semjase	13	76	
1183	Sem14	8	14	Semjase	14	76	
1184	Sem15	8	15	Semjase	15	76	
1185	Sem16	8	16	Semjase	16	76	
1186	Sem17	8	17	Semjase	17	76	
1187	Sem18	8	18	Semjase	18	76	
1188	Sem19	8	19	Semjase	19	77	
1189	Sem20	8	20	Semjase	20	77	
1190	Sem21	8	21	Semjase	21	77	
1191	Sem22	8	22	Semjase	22	77	
1192	Sem23	8	23	Semjase	23	77	
1193	Sem24	8	24	Semjase	24	77	
1194	Sem25	8	25	Semjase	25	77	
1195	Sem26	8	26	Semjase	26	77	
1196	Sem27	8	27	Semjase	27	77	
1197	Sem28	8	28	Semjase	28	77	
1198	Sem29	8	29	Semjase	29	77	
1199	Sem30	8	30	Semjase	30	77	
1200	Sem31	8	31	Semjase	31	77	
1201	Sem32	8	32	Semjase	32	77	
1202	Sem33	8	33	Semjase	33	77	
1203	Sem34	8	34	Semjase	34	77	
1204	Sem35	8	35	Semjase	35	77	
1205	Sem36	8	36	Semjase	36	77	
1206	Sem37	8	37	Semjase	37	77	
1207	Sem38	8	38	Semjase	38	77	
1208	Sem39	8	39	Semjase	39	78	
1209	Sem40	8	40	Semjase	40	78	
1210	Sem41	8	41	Semjase	41	78	
1211	Sem42	8	42	Semjase	42	78	
1212	Sem43	8	43	Semjase	43	78	
1213	Sem44	8	44	Semjase	44	78	
1214	Sem45	8	45	Semjase	45	78	
1215	Sem46	8	46	Semjase	46	78	
1216	Sem47	8	47	Semjase	47	78	
1217	Sem48	8	48	Semjase	48	78	
1218	Sem49	8	49	Semjase	49	78	
1219	Sem50	8	50	Semjase	50	78	
1220	Sem51	8	51	Semjase	51	78	
1221	Sem52	8	52	Semjase	52	78	
1222	Sem53	8	53	Semjase	53	78	
1223	Sem54	8	54	Semjase	54	78	
1224	Sem55	8	55	Semjase	55	78	
1225	Sem56	8	56	Semjase	56	78	
1226	Sem57	8	57	Semjase	57	79	
1227	Sem58	8	58	Semjase	58	79	
1228	Sem59	8	59	Semjase	59	79	
1229	Sem60	8	60	Semjase	60	79	
1230	Sem61	8	61	Semjase	61	79	
1231	Sem62	8	62	Semjase	62	79	
1232	Sem63	8	63	Semjase	63	79	
1233	Sem64	8	64	Semjase	64	79	
1234	Sem65	8	65	Semjase	65	79	
1235	Sem66	8	66	Semjase	66	79	
1236	Sem67	8	67	Semjase	67	79	
1237	Sem68	8	68	Semjase	68	79	
1238	Sem69	8	69	Semjase	69	79	
1239	Sem70	8	70	Semjase	70	79	
1240	Sem71	8	71	Semjase	71	79	
1241	Sem72	8	72	Semjase	72	79	
1242	Sem73	8	73	Semjase	73	79	
1243	Sem74	8	74	Semjase	74	79	
1244	Sem75	8	75	Semjase	75	79	
1245	Sem76	8	76	Semjase	76	79	
1246	Sem77	8	77	Semjase	77	80	
1247	Sem78	8	78	Semjase	78	80	
1248	Sem79	8	79	Semjase	79	80	
1249	Sem80	8	80	Semjase	80	80	
1250	Sem81	8	81	Semjase	81	80	
1251	Sem82	8	82	Semjase	82	80	
1252	Sem83	8	83	Semjase	83	80	
1253	Sem84	8	84	Semjase	84	80	
1254	Sem85	8	85	Semjase	85	80	
1255	Sem86	8	86	Semjase	86	80	
1256	Sem87	8	87	Semjase	87	80	
1257	Sem88	8	88	Semjase	88	80	
1258	Sem89	8	89	Semjase	89	80	
1259	Sem90	8	90	Semjase	90	80	
1260	Sem91	8	91	Semjase	91	80	
1261	Sem92	8	92	Semjase	92	80	
1262	Sem93	8	93	Semjase	93	80	
1263	Sem94	8	94	Semjase	94	81	
1264	Sem95	8	95	Semjase	95	81	
1265	Sem96	8	96	Semjase	96	81	
1266	Sem97	8	97	Semjase	97	81	
1267	Sem98	8	98	Semjase	98	81	
1268	Sem99	8	99	Semjase	99	81	
1269	Sem100	8	100	Semjase	100	81	
1270	Sem101	8	101	Semjase	101	81	
1271	Sem102	8	102	Semjase	102	81	
1272	Sem103	8	103	Semjase	103	81	
1273	Sem104	8	104	Semjase	104	81	
1274	Sem105	8	105	Semjase	105	81	
1275	Sem106	8	106	Semjase	106	81	
1276	Sem107	8	107	Semjase	107	81	
1277	Sem108	8	108	Semjase	108	81	
1278	Sem109	8	109	Semjase	109	81	
1279	Sem110	8	110	Semjase	110	81	
1280	Sem111	8	111	Semjase	111	81	
1281	Sem112	8	112	Semjase	112	81	
1282	Sem113	8	113	Semjase	113	81	
1283	Sem114	8	114	Semjase	114	81	
1284	Sem115	8	115	Semjase	115	81	
1285	Sem116	8	116	Semjase	116	81	
1286	Sem117	8	117	Semjase	117	81	
1287	Sem118	8	118	Semjase	118	81	
1288	Sem119	8	119	Semjase	119	81	
1289	Sem120	8	120	Semjase	120	81	
1290	Sem121	8	121	Semjase	121	81	
1291	Sem122	8	122	Semjase	122	81	
1292	Sem123	8	123	Semjase	123	81	
1293	Sem124	8	124	Semjase	124	81	
1294	Sem125	8	125	Semjase	125	82	
1295	Sem126	8	126	Semjase	126	82	
1296	Sem127	8	127	Semjase	127	82	
1297	Sem128	8	128	Semjase	128	82	
1298	Sem129	8	129	Semjase	129	82	
1299	Sem130	8	130	Semjase	130	82	
1300	Sem131	8	131	Semjase	131	82	
1301	Sem132	8	132	Semjase	132	82	
1302	Sem133	8	133	Semjase	133	82	
1303	Sem134	8	134	Semjase	134	82	
1304	Sem135	8	135	Semjase	135	82	
1305	Sem136	8	136	Semjase	136	82	
1306	Sem137	8	137	Semjase	137	82	
1307	Sem138	8	138	Semjase	138	82	
1308	Sem139	8	139	Semjase	139	82	
1309	Sem140	8	140	Semjase	140	82	
1310	Sem141	8	141	Semjase	141	82	
1311	Sem142	8	142	Semjase	142	82	
1312	Sem143	8	143	Semjase	143	82	
1313	Sem144	8	144	Semjase	144	82	
1314	Sem145	8	145	Semjase	145	82	
1315	Sem146	8	146	Semjase	146	82	
1316	Sem147	8	147	Semjase	147	82	
1317	Sem148	8	148	Semjase	148	82	
1318	Sem149	8	149	Semjase	149	82	
1319	Sem150	8	150	Semjase	150	82	
1320	Sem151	8	151	Semjase	151	82	
1321	Sem152	8	152	Semjase	152	82	
1322	Sem153	8	153	Semjase	153	82	
1323	Sem154	8	154	Semjase	154	82	
1324	Sem155	8	155	Semjase	155	82	
1325	Sem156	8	156	Semjase	156	83	
1326	Sem157	8	157	Semjase	157	83	
1327	Sem158	8	158	Semjase	158	83	
1328	Sem159	8	159	Semjase	159	83	
1329	Sem160	8	160	Semjase	160	83	
1330	Sem161	8	161	Semjase	161	83	
1331	Sem162	8	162	Semjase	162	83	
1332	Sem163	8	163	Semjase	163	83	
1333	Sem164	8	164	Semjase	164	83	
1334	Sem165	8	165	Semjase	165	83	
1335	Sem166	8	166	Semjase	166	83	
1336	Sem167	8	167	Semjase	167	83	
1337	Sem168	8	168	Semjase	168	83	
1338	Sem169	8	169	Semjase	169	83	
1339	Sem170	8	170	Semjase	170	83	
1340	Sem171	8	171	Semjase	171	83	
1341	Sem172	8	172	Semjase	172	83	
1342	Sem173	8	173	Semjase	173	84	
1343	Sem174	8	174	Semjase	174	84	
1344	Sem175	8	175	Semjase	175	84	
1345	Sem176	8	176	Semjase	176	84	
1346	Sem177	8	177	Semjase	177	84	
1347	Sem178	8	178	Semjase	178	84	
1348	Sem179	8	179	Semjase	179	84	
1349	Sem180	8	180	Semjase	180	84	
1350	Sem181	8	181	Semjase	181	84	
1351	Sem182	8	182	Semjase	182	84	
1352	Sem183	8	183	Semjase	183	84	
1353	Sem184	8	184	Semjase	184	84	
1354	Sem185	8	185	Semjase	185	84	
1355	Sem186	8	186	Semjase	186	84	
1356	Sem187	8	187	Semjase	187	84	
1357	Sem188	8	188	Semjase	188	85	
1358	Sem189	8	189	Semjase	189	85	
1359	Sem190	8	190	Semjase	190	85	
1360	Sem191	8	191	Semjase	191	85	
1361	Sem192	8	192	Semjase	192	85	
1362	Sem193	8	193	Semjase	193	85	
1363	Sem194	8	194	Semjase	194	85	
1364	Sem195	8	195	Semjase	195	85	
1365	Sem196	8	196	Semjase	196	85	
1366	Sem197	8	197	Semjase	197	85	
1367	Sem198	8	198	Semjase	198	85	
1368	Sem199	8	199	Semjase	199	85	
1369	Sem200	8	200	Semjase	200	85	
1370	Sem201	8	201	Semjase	201	86	
1371	Sem202	8	202	Semjase	202	86	
1372	Sem203	8	203	Semjase	203	86	
1373	Sem204	8	204	Semjase	204	86	
1374	Sem205	8	205	Semjase	205	86	
1375	Sem206	8	206	Semjase	206	86	
1376	Sem207	8	207	Semjase	207	86	
1377	Sem208	8	208	Semjase	208	86	
1378	Sem209	8	209	Semjase	209	86	
1379	Sem210	8	210	Semjase	210	86	
1380	Sem211	8	211	Semjase	211	86	
1381	Sem212	8	212	Semjase	212	86	
1382	Sem213	8	213	Semjase	213	86	
1383	Sem214	8	214	Semjase	214	86	
1384	Sem215	8	215	Semjase	215	86	
1385	Sem216	8	216	Semjase	216	86	
1386	Sem217	8	217	Semjase	217	86	
1387	Sem218	8	218	Semjase	218	86	
1388	Sem219	8	219	Semjase	219	86	
1389	Sem220	8	220	Semjase	220	87	
1390	Sem221	8	221	Semjase	221	87	
1391	Sem222	8	222	Semjase	222	87	
1392	Sem223	8	223	Semjase	223	87	
1393	Sem224	8	224	Semjase	224	87	
1394	Sem225	8	225	Semjase	225	87	
1395	Sem226	8	226	Semjase	226	87	
1396	Sem227	8	227	Semjase	227	87	
1397	Sem228	8	228	Semjase	228	87	
1398	Sem229	8	229	Semjase	229	87	
1399	Sem230	8	230	Semjase	230	87	
1400	Sem231	8	231	Semjase	231	87	
1401	Sem232	8	232	Semjase	232	87	
1402	Sem233	8	233	Semjase	233	87	
1403	Sem234	8	234	Semjase	234	87	
1404	Sem235	8	235	Semjase	235	87	
1405	Sem236	8	236	Semjase	236	87	
1406	Sem237	8	237	Semjase	237	87	
1407	Sem238	8	238	Semjase	238	87	
1408	Sem239	8	239	Semjase	239	87	
1409	Sem240	8	240	Semjase	240	87	
1410	Sem241	8	241	Semjase	241	87	
1411	Sem242	8	242	Semjase	242	87	
1412	Sem243	8	243	Semjase	243	87	
1413	Sem244	8	244	Semjase	244	87	
1414	Sem245	8	245	Semjase	245	87	
1415	Sem246	8	246	Semjase	246	88	
1416	Sem247	8	247	Semjase	247	88	
1417	Sem248	8	248	Semjase	248	88	
1418	Sem249	8	249	Semjase	249	88	
1419	Sem1	9	1	Semjase	1	89	
1420	Sem2	9	2	Semjase	2	89	
1421	Sem3	9	3	Semjase	3	89	
1422	Sem4	9	4	Semjase	4	89	
1423	Sem5	9	5	Semjase	5	89	
1424	Sem6	9	6	Semjase	6	89	
1425	Sem7	9	7	Semjase	7	89	
1426	Sem8	9	8	Semjase	8	90	
1427	Sem9	9	9	Semjase	9	90	
1428	Sem10	9	10	Semjase	10	90	
1429	Sem11	9	11	Semjase	11	90	
1430	Sem12	9	12	Semjase	12	90	
1431	Sem13	9	13	Semjase	13	90	
1432	Sem14	9	14	Semjase	14	90	
1433	Sem15	9	15	Semjase	15	90	
1434	Sem16	9	16	Semjase	16	90	
1435	Sem17	9	17	Semjase	17	90	
1436	Sem18	9	18	Semjase	18	90	
1437	Sem19	9	19	Semjase	19	90	
1438	Sem20	9	20	Semjase	20	90	
1439	Sem21	9	21	Semjase	21	90	
1440	Sem22	9	22	Semjase	22	90	
1441	Sem23	9	23	Semjase	23	90	
1442	Sem24	9	24	Semjase	24	90	
1443	Sem25	9	25	Semjase	25	90	
1444	Sem26	9	26	Semjase	26	90	
1445	Sem27	9	27	Semjase	27	90	
1446	Sem28	9	28	Semjase	28	90	
1447	Sem29	9	29	Semjase	29	90	
1448	Sem30	9	30	Semjase	30	90	
1449	Sem31	9	31	Semjase	31	90	
1450	Sem32	9	32	Semjase	32	90	
1451	Sem33	9	33	Semjase	33	90	
1452	Sem34	9	34	Semjase	34	91	
1453	Sem35	9	35	Semjase	35	91	
1454	Sem36	9	36	Semjase	36	91	
1455	Sem37	9	37	Semjase	37	91	
1456	Sem38	9	38	Semjase	38	91	
1457	Sem39	9	39	Semjase	39	91	
1458	Sem40	9	40	Semjase	40	91	
1459	Sem41	9	41	Semjase	41	91	
1460	Sem42	9	42	Semjase	42	91	
1461	Sem43	9	43	Semjase	43	91	
1462	Sem44	9	44	Semjase	44	91	
1463	Sem45	9	45	Semjase	45	91	
1464	Sem46	9	46	Semjase	46	91	
1465	Sem47	9	47	Semjase	47	91	
1466	Sem48	9	48	Semjase	48	91	
1467	Sem49	9	49	Semjase	49	91	
1468	Sem50	9	50	Semjase	50	91	
1469	Sem51	9	51	Semjase	51	91	
1470	Sem52	9	52	Semjase	52	91	
1471	Sem53	9	53	Semjase	53	91	
1472	Sem54	9	54	Semjase	54	91	
1473	Sem55	9	55	Semjase	55	91	
1474	Sem56	9	56	Semjase	56	91	
1475	Sem57	9	57	Semjase	57	91	
1476	Sem58	9	58	Semjase	58	92	
1477	Sem59	9	59	Semjase	59	92	
1478	Sem60	9	60	Semjase	60	92	
1479	Sem61	9	61	Semjase	61	92	
1480	Sem62	9	62	Semjase	62	92	
1481	Sem63	9	63	Semjase	63	92	
1482	Sem64	9	64	Semjase	64	92	
1483	Sem65	9	65	Semjase	65	92	
1484	Sem66	9	66	Semjase	66	92	
1485	Sem67	9	67	Semjase	67	92	
1486	Sem68	9	68	Semjase	68	92	
1487	Sem69	9	69	Semjase	69	92	
1488	Sem70	9	70	Semjase	70	92	
1489	Sem71	9	71	Semjase	71	92	
1490	Sem72	9	72	Semjase	72	92	
1491	Sem73	9	73	Semjase	73	92	
1492	Sem74	9	74	Semjase	74	92	
1493	Sem75	9	75	Semjase	75	93	
1494	Sem76	9	76	Semjase	76	93	
1495	Sem77	9	77	Semjase	77	93	
1496	Sem78	9	78	Semjase	78	93	
1497	Sem79	9	79	Semjase	79	93	
1498	Sem80	9	80	Semjase	80	93	
1499	Sem81	9	81	Semjase	81	93	
1500	Sem82	9	82	Semjase	82	93	
1501	Sem83	9	83	Semjase	83	93	
1502	Sem84	9	84	Semjase	84	93	
1503	Sem85	9	85	Semjase	85	93	
1504	Sem86	9	86	Semjase	86	93	
1505	Sem87	9	87	Semjase	87	93	
1506	Sem88	9	88	Semjase	88	93	
1507	Sem89	9	89	Semjase	89	93	
1508	Sem90	9	90	Semjase	90	93	
1509	Sem91	9	91	Semjase	91	93	
1510	Sem92	9	92	Semjase	92	93	
1511	Sem93	9	93	Semjase	93	93	
1512	Sem94	9	94	Semjase	94	93	
1513	Sem95	9	95	Semjase	95	93	
1514	Sem96	9	96	Semjase	96	93	
1515	Sem97	9	97	Semjase	97	93	
1516	Sem98	9	98	Semjase	98	93	
1517	Sem99	9	99	Semjase	99	93	
1518	Sem100	9	100	Semjase	100	93	
1519	Sem101	9	101	Semjase	101	93	
1520	Sem102	9	102	Semjase	102	94	
1521	Sem103	9	103	Semjase	103	94	
1522	Sem104	9	104	Semjase	104	94	
1523	Sem105	9	105	Semjase	105	94	
1524	Sem106	9	106	Semjase	106	94	
1525	Sem107	9	107	Semjase	107	94	
1526	Sem108	9	108	Semjase	108	94	
1527	Sem109	9	109	Semjase	109	94	
1528	Sem110	9	110	Semjase	110	94	
1529	Sem111	9	111	Semjase	111	94	
1530	Sem112	9	112	Semjase	112	94	
1531	Sem113	9	113	Semjase	113	94	
1532	Sem114	9	114	Semjase	114	94	
1533	Sem115	9	115	Semjase	115	94	
1534	Sem116	9	116	Semjase	116	94	
1535	Sem117	9	117	Semjase	117	94	
1536	Sem118	9	118	Semjase	118	94	
1537	Sem119	9	119	Semjase	119	94	
1538	Sem120	9	120	Semjase	120	94	
1539	Sem121	9	121	Semjase	121	94	
1540	Sem122	9	122	Semjase	122	94	
1541	Sem123	9	123	Semjase	123	94	
1542	Sem124	9	124	Semjase	124	94	
1543	Sem125	9	125	Semjase	125	94	
1544	Sem126	9	126	Semjase	126	94	
1545	Sem127	9	127	Semjase	127	94	
1546	Sem128	9	128	Semjase	128	94	
1547	Sem129	9	129	Semjase	129	94	
1548	Sem130	9	130	Semjase	130	95	
1549	Sem131	9	131	Semjase	131	95	
1550	Sem132	9	132	Semjase	132	95	
1551	Sem133	9	133	Semjase	133	95	
1552	Sem134	9	134	Semjase	134	95	
1553	Sem135	9	135	Semjase	135	95	
1554	Sem136	9	136	Semjase	136	95	
1555	Sem137	9	137	Semjase	137	95	
1556	Sem138	9	138	Semjase	138	95	
1557	Sem139	9	139	Semjase	139	95	
1558	Sem140	9	140	Semjase	140	95	
1559	Sem141	9	141	Semjase	141	95	
1560	Sem142	9	142	Semjase	142	95	
1561	Sem143	9	143	Semjase	143	95	
1562	Sem144	9	144	Semjase	144	95	
1563	Sem145	9	145	Semjase	145	95	
1564	Sem146	9	146	Semjase	146	95	
1565	Sem147	9	147	Semjase	147	95	
1566	Sem148	9	148	Semjase	148	95	
1567	Sem149	9	149	Semjase	149	95	
1568	Sem150	9	150	Semjase	150	95	
1569	Sem151	9	151	Semjase	151	95	
1570	Sem152	9	152	Semjase	152	95	
1571	Sem153	9	153	Semjase	153	95	
1572	Sem154	9	154	Semjase	154	95	
1573	Sem155	9	155	Semjase	155	95	
1574	Sem156	9	156	Semjase	156	95	
1575	Sem157	9	157	Semjase	157	95	
1576	Sem158	9	158	Semjase	158	95	
1577	Sem159	9	159	Semjase	159	95	
1578	Sem160	9	160	Semjase	160	95	
1579	Sem161	9	161	Semjase	161	96	
1580	Sem162	9	162	Semjase	162	96	
1581	Sem163	9	163	Semjase	163	96	
1582	Sem164	9	164	Semjase	164	96	
1583	Sem165	9	165	Semjase	165	96	
1584	Sem166	9	166	Semjase	166	96	
1585	Sem167	9	167	Semjase	167	96	
1586	Sem168	9	168	Semjase	168	96	
1587	Sem169	9	169	Semjase	169	96	
1588	Sem170	9	170	Semjase	170	96	
1589	Sem171	9	171	Semjase	171	96	
1590	Sem172	9	172	Semjase	172	96	
1591	Sem173	9	173	Semjase	173	96	
1592	Sem174	9	174	Semjase	174	96	
1593	Sem175	9	175	Semjase	175	96	
1594	Sem176	9	176	Semjase	176	96	
1595	Sem177	9	177	Semjase	177	96	
1596	Sem178	9	178	Semjase	178	96	
1597	Sem179	9	179	Semjase	179	96	
1598	Sem180	9	180	Semjase	180	96	
1599	Sem181	9	181	Semjase	181	96	
1600	Sem182	9	182	Semjase	182	96	
1601	Sem183	9	183	Semjase	183	96	
1602	Sem184	9	184	Semjase	184	96	
1603	Sem185	9	185	Semjase	185	96	
1604	Sem186	9	186	Semjase	186	96	
1605	Sem187	9	187	Semjase	187	96	
1606	Sem188	9	188	Semjase	188	96	
1607	Sem189	9	189	Semjase	189	96	
1608	Sem190	9	190	Semjase	190	97	
1609	Sem191	9	191	Semjase	191	97	
1610	Sem192	9	192	Semjase	192	97	
1611	Sem193	9	193	Semjase	193	97	
1612	Sem194	9	194	Semjase	194	97	
1613	Sem195	9	195	Semjase	195	97	
1614	Sem196	9	196	Semjase	196	97	
1615	Sem197	9	197	Semjase	197	97	
1616	Sem198	9	198	Semjase	198	97	
1617	Sem199	9	199	Semjase	199	97	
1618	Sem200	9	200	Semjase	200	97	
1619	Sem201	9	201	Semjase	201	97	
1620	Sem202	9	202	Semjase	202	97	
1621	Sem203	9	203	Semjase	203	97	
1622	Sem204	9	204	Semjase	204	97	
1623	Sem205	9	205	Semjase	205	97	
1624	Sem206	9	206	Semjase	206	97	
1625	Sem207	9	207	Semjase	207	97	
1626	Sem208	9	208	Semjase	208	97	
1627	Sem209	9	209	Semjase	209	97	
1628	Sem210	9	210	Semjase	210	97	
1629	Sem211	9	211	Semjase	211	97	
1630	Sem212	9	212	Semjase	212	97	
1631	Sem213	9	213	Semjase	213	97	
1632	Sem214	9	214	Semjase	214	97	
1633	Sem215	9	215	Semjase	215	98	
1634	Sem216	9	216	Semjase	216	98	
1635	Sem217	9	217	Semjase	217	98	
1636	Sem218	9	218	Semjase	218	98	
1637	Sem219	9	219	Semjase	219	98	
1638	Sem220	9	220	Semjase	220	98	
1639	Sem221	9	221	Semjase	221	98	
1640	Sem222	9	222	Semjase	222	98	
1641	Sem223	9	223	Semjase	223	98	
1642	Sem224	9	224	Semjase	224	98	
1643	Sem225	9	225	Semjase	225	98	
1644	Sem226	9	226	Semjase	226	98	
1645	Sem227	9	227	Semjase	227	98	
1646	Sem228	9	228	Semjase	228	98	
1647	Sem229	9	229	Semjase	229	98	
1648	Sem230	9	230	Semjase	230	98	
1649	Sem231	9	231	Semjase	231	98	
1650	Sem232	9	232	Semjase	232	98	
1651	Sem233	9	233	Semjase	233	98	
1652	Sem234	9	234	Semjase	234	98	
1653	Sem235	9	235	Semjase	235	98	
1654	Sem236	9	236	Semjase	236	98	
1655	Sem237	9	237	Semjase	237	99	
1656	Sem238	9	238	Semjase	238	99	
1657	Sem239	9	239	Semjase	239	99	
1658	Sem240	9	240	Semjase	240	99	
1659	Sem241	9	241	Semjase	241	99	
1660	Sem242	9	242	Semjase	242	99	
1661	Sem243	9	243	Semjase	243	99	
1662	Sem244	9	244	Semjase	244	99	
1663	Sem245	9	245	Semjase	245	99	
1664	Sem246	9	246	Semjase	246	99	
1665	Sem247	9	247	Semjase	247	99	
1666	Sem248	9	248	Semjase	248	99	
1667	Sem249	9	249	Semjase	249	99	
1668	Sem250	9	250	Semjase	250	99	
1669	Sem251	9	251	Semjase	251	99	
1670	Sem252	9	252	Semjase	252	99	
1671	Sem253	9	253	Semjase	253	99	
1672	Sem254	9	254	Semjase	254	99	
1673	Sem255	9	255	Semjase	255	99	
1674	Sem256	9	256	Semjase	256	99	
1675	Sem257	9	257	Semjase	257	99	
1676	Sem258	9	258	Semjase	258	99	
1677	Sem259	9	259	Semjase	259	100	
1678	Sem260	9	260	Semjase	260	100	
1679	Sem261	9	261	Semjase	261	100	
1680	Sem262	9	262	Semjase	262	100	
1681	Sem263	9	263	Semjase	263	100	
1682	Sem264	9	264	Semjase	264	100	
1683	Sem265	9	265	Semjase	265	100	
1684	Sem266	9	266	Semjase	266	100	
1685	Sem267	9	267	Semjase	267	100	
1686	Sem268	9	268	Semjase	268	100	
1687	Sem269	9	269	Semjase	269	100	
1688	Sem270	9	270	Semjase	270	100	
1689	Sem271	9	271	Semjase	271	100	
1690	Sem272	9	272	Semjase	272	100	
1691	Sem273	9	273	Semjase	273	100	
1692	Sem274	9	274	Semjase	274	100	
1693	Sem1	10	1	Semjase	1	100	
1694	Sem2	10	2	Semjase	2	100	
1695	Sem3	10	3	Semjase	3	100	
1696	Sem4	10	4	Semjase	4	100	
1697	Sem5	10	5	Semjase	5	100	
1698	Sem6	10	6	Semjase	6	101	
1699	Sem7	10	7	Semjase	7	101	
1700	Sem8	10	8	Semjase	8	101	
1701	Sem9	10	9	Semjase	9	101	
1702	Sem10	10	10	Semjase	10	101	
1703	Sem11	10	11	Semjase	11	101	
1704	Sem12	10	12	Semjase	12	101	
1705	Sem13	10	13	Semjase	13	101	
1706	Sem14	10	14	Semjase	14	101	
1707	Sem15	10	15	Semjase	15	101	
1708	Sem16	10	16	Semjase	16	101	
1709	Sem17	10	17	Semjase	17	101	
1710	Sem18	10	18	Semjase	18	101	
1711	Sem19	10	19	Semjase	19	101	
1712	Sem20	10	20	Semjase	20	101	
1713	Sem21	10	21	Semjase	21	101	
1714	Sem22	10	22	Semjase	22	101	
1715	Sem23	10	23	Semjase	23	101	
1716	Sem24	10	24	Semjase	24	101	
1717	Sem25	10	25	Semjase	25	101	
1718	Sem26	10	26	Semjase	26	101	
1719	Sem27	10	27	Semjase	27	101	
1720	Sem28	10	28	Semjase	28	101	
1721	Sem29	10	29	Semjase	29	101	
1722	Sem30	10	30	Semjase	30	101	
1723	Sem31	10	31	Semjase	31	101	
1724	Sem32	10	32	Semjase	32	101	
1725	Sem33	10	33	Semjase	33	101	
1726	Sem34	10	34	Semjase	34	101	
1727	Sem35	10	35	Semjase	35	101	
1728	Sem36	10	36	Semjase	36	101	
1729	Sem37	10	37	Semjase	37	101	
1730	Sem38	10	38	Semjase	38	101	
1731	Sem39	10	39	Semjase	39	101	
1732	Sem40	10	40	Semjase	40	101	
1733	Sem41	10	41	Semjase	41	101	
1734	Sem42	10	42	Semjase	42	102	
1735	Sem43	10	43	Semjase	43	102	
1736	Sem44	10	44	Semjase	44	102	
1737	Sem45	10	45	Semjase	45	102	
1738	Sem46	10	46	Semjase	46	102	
1739	Sem47	10	47	Semjase	47	102	
1740	Sem48	10	48	Semjase	48	102	
1741	Sem49	10	49	Semjase	49	102	
1742	Sem50	10	50	Semjase	50	102	
1743	Sem51	10	51	Semjase	51	102	
1744	Sem52	10	52	Semjase	52	102	
1745	Sem53	10	53	Semjase	53	102	
1746	Sem54	10	54	Semjase	54	102	
1747	Sem55	10	55	Semjase	55	102	
1748	Sem56	10	56	Semjase	56	102	
1749	Sem57	10	57	Semjase	57	102	
1750	Sem58	10	58	Semjase	58	102	
1751	Sem59	10	59	Semjase	59	102	
1752	Sem60	10	60	Semjase	60	102	
1753	Sem61	10	61	Semjase	61	102	
1754	Sem62	10	62	Semjase	62	102	
1755	Sem63	10	63	Semjase	63	102	
1756	Sem64	10	64	Semjase	64	102	
1757	Sem65	10	65	Semjase	65	102	
1758	Sem66	10	66	Semjase	66	102	
1759	Sem67	10	67	Semjase	67	102	
1760	Sem68	10	68	Semjase	68	102	
1761	Sem69	10	69	Semjase	69	102	
1762	Sem70	10	70	Semjase	70	102	
1763	Sem71	10	71	Semjase	71	102	
1764	Sem72	10	72	Semjase	72	102	
1765	Sem73	10	73	Semjase	73	102	
1766	Sem74	10	74	Semjase	74	102	
1767	Sem75	10	75	Semjase	75	102	
1768	Sem76	10	76	Semjase	76	103	
1769	Sem77	10	77	Semjase	77	103	
1770	Sem78	10	78	Semjase	78	103	
1771	Sem79	10	79	Semjase	79	103	
1772	Sem80	10	80	Semjase	80	103	
1773	Sem81	10	81	Semjase	81	103	
1774	Sem82	10	82	Semjase	82	103	
1775	Sem83	10	83	Semjase	83	103	
1776	Sem84	10	84	Semjase	84	103	
1777	Sem85	10	85	Semjase	85	103	
1778	Sem86	10	86	Semjase	86	103	
1779	Sem87	10	87	Semjase	87	103	
1780	Sem88	10	88	Semjase	88	103	
1781	Sem89	10	89	Semjase	89	103	
1782	Sem90	10	90	Semjase	90	103	
1783	Sem91	10	91	Semjase	91	103	
1784	Sem92	10	92	Semjase	92	103	
1785	Sem93	10	93	Semjase	93	103	
1786	Sem94	10	94	Semjase	94	103	
1787	Sem95	10	95	Semjase	95	103	
1788	Sem96	10	96	Semjase	96	103	
1789	Sem97	10	97	Semjase	97	103	
1790	Sem98	10	98	Semjase	98	103	
1791	Sem99	10	99	Semjase	99	103	
1792	Sem100	10	100	Semjase	100	103	
1793	Sem101	10	101	Semjase	101	104	
1794	Sem102	10	102	Semjase	102	104	
1795	Sem103	10	103	Semjase	103	104	
1796	Sem104	10	104	Semjase	104	104	
1797	Sem105	10	105	Semjase	105	104	
1798	Sem106	10	106	Semjase	106	104	
1799	Sem107	10	107	Semjase	107	104	
1800	Sem108	10	108	Semjase	108	104	
1801	Sem109	10	109	Semjase	109	104	
1802	Sem110	10	110	Semjase	110	104	
1803	Sem111	10	111	Semjase	111	104	
1804	Sem112	10	112	Semjase	112	104	
1805	Sem113	10	113	Semjase	113	104	
1806	Sem114	10	114	Semjase	114	104	
1807	Sem115	10	115	Semjase	115	104	
1808	Sem116	10	116	Semjase	116	104	
1809	Sem117	10	117	Semjase	117	104	
1810	Sem118	10	118	Semjase	118	104	
1811	Sem119	10	119	Semjase	119	104	
1812	Sem120	10	120	Semjase	120	104	
1813	Sem121	10	121	Semjase	121	104	
1814	Sem122	10	122	Semjase	122	104	
1815	Sem123	10	123	Semjase	123	104	
1816	Sem124	10	124	Semjase	124	104	
1817	Sem125	10	125	Semjase	125	104	
1818	Sem126	10	126	Semjase	126	104	
1819	Sem127	10	127	Semjase	127	104	
1820	Sem128	10	128	Semjase	128	104	
1821	Sem129	10	129	Semjase	129	104	
1822	Sem130	10	130	Semjase	130	104	
1823	Sem131	10	131	Semjase	131	104	
1824	Sem132	10	132	Semjase	132	105	
1825	Sem133	10	133	Semjase	133	105	
1826	Sem134	10	134	Semjase	134	105	
1827	Sem135	10	135	Semjase	135	105	
1828	Sem136	10	136	Semjase	136	105	
1829	Sem137	10	137	Semjase	137	105	
1830	Sem138	10	138	Semjase	138	105	
1831	Sem139	10	139	Semjase	139	105	
1832	Sem140	10	140	Semjase	140	105	
1833	Sem141	10	141	Semjase	141	105	
1834	Sem142	10	142	Semjase	142	105	
1835	Sem143	10	143	Semjase	143	105	
1836	Sem144	10	144	Semjase	144	105	
1837	Sem145	10	145	Semjase	145	105	
1838	Sem146	10	146	Semjase	146	105	
1839	Sem147	10	147	Semjase	147	105	
1840	Sem148	10	148	Semjase	148	105	
1841	Sem149	10	149	Semjase	149	105	
1842	Sem150	10	150	Semjase	150	105	
1843	Sem151	10	151	Semjase	151	105	
1844	Sem152	10	152	Semjase	152	105	
1845	Sem153	10	153	Semjase	153	105	
1846	Sem154	10	154	Semjase	154	105	
1847	Sem155	10	155	Semjase	155	105	
1848	Sem156	10	156	Semjase	156	105	
1849	Sem157	10	157	Semjase	157	105	
1850	Sem158	10	158	Semjase	158	105	
1851	Sem159	10	159	Semjase	159	106	
1852	Sem160	10	160	Semjase	160	106	
1853	Sem161	10	161	Semjase	161	106	
1854	Sem162	10	162	Semjase	162	106	
1855	Sem163	10	163	Semjase	163	106	
1856	Sem164	10	164	Semjase	164	106	
1857	Sem165	10	165	Semjase	165	106	
1858	Sem166	10	166	Semjase	166	106	
1859	Sem167	10	167	Semjase	167	106	
1860	Sem168	10	168	Semjase	168	106	
1861	Sem169	10	169	Semjase	169	106	
1862	Sem170	10	170	Semjase	170	106	
1863	Sem171	10	171	Semjase	171	106	
1864	Sem172	10	172	Semjase	172	106	
1865	Sem173	10	173	Semjase	173	106	
1866	Sem174	10	174	Semjase	174	106	
1867	Sem175	10	175	Semjase	175	106	
1868	Sem176	10	176	Semjase	176	106	
1869	Sem177	10	177	Semjase	177	106	
1870	Sem178	10	178	Semjase	178	106	
1871	Sem179	10	179	Semjase	179	106	
1872	Sem180	10	180	Semjase	180	106	
1873	Sem181	10	181	Semjase	181	106	
1874	Sem182	10	182	Semjase	182	106	
1875	Sem183	10	183	Semjase	183	106	
1876	Sem184	10	184	Semjase	184	106	
1877	Sem185	10	185	Semjase	185	106	
1878	Sem186	10	186	Semjase	186	106	
1879	Sem187	10	187	Semjase	187	106	
1880	Sem188	10	188	Semjase	188	106	
1881	Sem189	10	189	Semjase	189	106	
1882	Sem190	10	190	Semjase	190	107	
1883	Sem191	10	191	Semjase	191	107	
1884	Sem192	10	192	Semjase	192	107	
1885	Sem193	10	193	Semjase	193	107	
1886	Sem194	10	194	Semjase	194	107	
1887	Sem195	10	195	Semjase	195	107	
1888	Sem196	10	196	Semjase	196	107	
1889	Sem197	10	197	Semjase	197	107	
1890	Sem198	10	198	Semjase	198	107	
1891	Sem199	10	199	Semjase	199	107	
1892	Sem200	10	200	Semjase	200	107	
1893	Sem201	10	201	Semjase	201	107	
1894	Sem202	10	202	Semjase	202	107	
1895	Sem203	10	203	Semjase	203	107	
1896	Sem204	10	204	Semjase	204	107	
1897	Sem205	10	205	Semjase	205	107	
1898	Sem206	10	206	Semjase	206	107	
1899	Sem207	10	207	Semjase	207	107	
1900	Sem208	10	208	Semjase	208	107	
1901	Sem209	10	209	Semjase	209	107	
1902	Sem210	10	210	Semjase	210	107	
1903	Sem211	10	211	Semjase	211	107	
1904	Sem212	10	212	Semjase	212	107	
1905	Sem213	10	213	Semjase	213	107	
1906	Sem214	10	214	Semjase	214	107	
1907	Sem215	10	215	Semjase	215	107	
1908	Sem216	10	216	Semjase	216	107	
1909	Sem217	10	217	Semjase	217	107	
1910	Sem218	10	218	Semjase	218	107	
1911	Sem219	10	219	Semjase	219	107	
1912	Sem220	10	220	Semjase	220	108	
1913	Sem221	10	221	Semjase	221	108	
1914	Sem222	10	222	Semjase	222	108	
1915	Sem223	10	223	Semjase	223	108	
1916	Sem224	10	224	Semjase	224	108	
1917	Sem225	10	225	Semjase	225	108	
1918	Sem226	10	226	Semjase	226	108	
1919	Sem227	10	227	Semjase	227	108	
1920	Sem228	10	228	Semjase	228	108	
1921	Sem229	10	229	Semjase	229	108	
1922	Sem230	10	230	Semjase	230	108	
1923	Sem231	10	231	Semjase	231	108	
1924	Sem232	10	232	Semjase	232	108	
1925	Sem233	10	233	Semjase	233	108	
1926	Sem234	10	234	Semjase	234	108	
1927	Sem235	10	235	Semjase	235	108	
1928	Sem236	10	236	Semjase	236	108	
1929	Sem237	10	237	Semjase	237	108	
1930	Sem238	10	238	Semjase	238	108	
1931	Sem239	10	239	Semjase	239	108	
1932	Sem240	10	240	Semjase	240	108	
1933	Sem241	10	241	Semjase	241	108	
1934	Sem242	10	242	Semjase	242	108	
1935	Sem243	10	243	Semjase	243	108	
1936	Sem244	10	244	Semjase	244	108	
1937	Sem245	10	245	Semjase	245	108	
1938	Sem246	10	246	Semjase	246	108	
1939	Sem247	10	247	Semjase	247	108	
1940	Sem248	10	248	Semjase	248	108	
1941	Sem249	10	249	Semjase	249	108	
1942	Sem250	10	250	Semjase	250	108	
1943	Sem251	10	251	Semjase	251	108	
1944	Sem252	10	252	Semjase	252	109	
1945	Sem253	10	253	Semjase	253	109	
1946	Sem254	10	254	Semjase	254	109	
1947	Sem255	10	255	Semjase	255	109	
1948	Sem256	10	256	Semjase	256	109	
1949	Sem257	10	257	Semjase	257	109	
1950	Sem258	10	258	Semjase	258	109	
1951	Sem259	10	259	Semjase	259	109	
1952	Sem260	10	260	Semjase	260	109	
1953	Sem261	10	261	Semjase	261	109	
1954	Sem262	10	262	Semjase	262	109	
1955	Sem263	10	263	Semjase	263	109	
1956	Sem264	10	264	Semjase	264	109	
1957	Sem265	10	265	Semjase	265	109	
1958	Sem266	10	266	Semjase	266	109	
1959	Sem267	10	267	Semjase	267	109	
1960	Sem268	10	268	Semjase	268	109	
1961	Sem269	10	269	Semjase	269	109	
1962	Sem270	10	270	Semjase	270	109	
1963	Sem271	10	271	Semjase	271	109	
1964	Sem272	10	272	Semjase	272	109	
1965	Sem273	10	273	Semjase	273	109	
1966	Sem274	10	274	Semjase	274	109	
1967	Sem275	10	275	Semjase	275	109	
1968	Sem276	10	276	Semjase	276	109	
1969	Sem277	10	277	Semjase	277	110	
1970	Sem278	10	278	Semjase	278	110	
1971	Sem279	10	279	Semjase	279	110	
1972	Sem280	10	280	Semjase	280	110	
1973	Sem281	10	281	Semjase	281	110	
1974	Sem282	10	282	Semjase	282	110	
1975	Sem283	10	283	Semjase	283	110	
1976	Sem284	10	284	Semjase	284	110	
1977	Sem285	10	285	Semjase	285	110	
1978	Sem286	10	286	Semjase	286	110	
1979	Sem287	10	287	Semjase	287	110	
1980	Sem288	10	288	Semjase	288	110	
1981	Sem289	10	289	Semjase	289	110	
1982	Sem290	10	290	Semjase	290	110	
1983	Sem291	10	291	Semjase	291	110	
1984	Sem292	10	292	Semjase	292	110	
1985	Sem293	10	293	Semjase	293	110	
1986	Sem294	10	294	Semjase	294	110	
1987	Sem295	10	295	Semjase	295	111	
1988	Sem296	10	296	Semjase	296	111	
1989	Sem297	10	297	Semjase	297	111	
1990	Sem298	10	298	Semjase	298	111	
1991	Sem299	10	299	Semjase	299	111	
1992	Sem300	10	300	Semjase	300	111	
1993	Sem301	10	301	Semjase	301	111	
1994	Sem302	10	302	Semjase	302	111	
1995	Sem303	10	303	Semjase	303	111	
1996	Sem304	10	304	Semjase	304	111	
1997	Sem305	10	305	Semjase	305	111	
1998	Sem306	10	306	Semjase	306	111	
1999	Sem1	11	1	Semjase	1	111	
2000	Sem2	11	2	Semjase	2	111	
2001	Sem3	11	3	Semjase	3	111	
2002	Sem4	11	4	Semjase	4	112	
2003	Sem5	11	5	Semjase	5	112	
2004	Sem6	11	6	Semjase	6	112	
2005	Sem7	11	7	Semjase	7	112	
2006	Sem8	11	8	Semjase	8	112	
2007	Sem9	11	9	Semjase	9	112	
2008	Sem10	11	10	Semjase	10	112	
2009	Sem11	11	11	Semjase	11	112	
2010	Sem12	11	12	Semjase	12	112	
2011	Sem13	11	13	Semjase	13	112	
2012	Sem14	11	14	Semjase	14	112	
2013	Sem15	11	15	Semjase	15	112	
2014	Sem16	11	16	Semjase	16	112	
2015	Sem17	11	17	Semjase	17	112	
2016	Sem18	11	18	Semjase	18	112	
2017	Sem19	11	19	Semjase	19	112	
2018	Sem20	11	20	Semjase	20	112	
2019	Sem21	11	21	Semjase	21	112	
2020	Sem22	11	22	Semjase	22	112	
2021	Sem23	11	23	Semjase	23	112	
2022	Sem24	11	24	Semjase	24	112	
2023	Sem25	11	25	Semjase	25	112	
2024	Sem26	11	26	Semjase	26	112	
2025	Sem27	11	27	Semjase	27	112	
2026	Sem28	11	28	Semjase	28	112	
2027	Sem29	11	29	Semjase	29	113	
2028	Sem30	11	30	Semjase	30	113	
2029	Sem31	11	31	Semjase	31	113	
2030	Sem32	11	32	Semjase	32	113	
2031	Sem33	11	33	Semjase	33	113	
2032	Sem34	11	34	Semjase	34	113	
2033	Sem35	11	35	Semjase	35	113	
2034	Sem36	11	36	Semjase	36	113	
2035	Sem37	11	37	Semjase	37	113	
2036	Sem38	11	38	Semjase	38	113	
2037	Sem39	11	39	Semjase	39	113	
2038	Sem40	11	40	Semjase	40	113	
2039	Sem41	11	41	Semjase	41	113	
2040	Sem42	11	42	Semjase	42	113	
2041	Sem43	11	43	Semjase	43	113	
2042	Sem44	11	44	Semjase	44	113	
2043	Sem45	11	45	Semjase	45	113	
2044	Sem46	11	46	Semjase	46	114	
2045	Sem47	11	47	Semjase	47	114	
2046	Sem48	11	48	Semjase	48	114	
2047	Sem49	11	49	Semjase	49	114	
2048	Sem50	11	50	Semjase	50	114	
2049	Sem51	11	51	Semjase	51	114	
2050	Sem52	11	52	Semjase	52	114	
2051	Sem53	11	53	Semjase	53	114	
2052	Sem54	11	54	Semjase	54	114	
2053	Sem55	11	55	Semjase	55	114	
2054	Sem56	11	56	Semjase	56	114	
2055	Sem57	11	57	Semjase	57	114	
2056	Sem58	11	58	Semjase	58	114	
2057	Sem59	11	59	Semjase	59	114	
2058	Sem60	11	60	Semjase	60	114	
2059	Sem61	11	61	Semjase	61	114	
2060	Sem62	11	62	Semjase	62	114	
2061	Sem63	11	63	Semjase	63	114	
2062	Sem64	11	64	Semjase	64	114	
2063	Sem65	11	65	Semjase	65	114	
2064	Sem66	11	66	Semjase	66	114	
2065	Sem67	11	67	Semjase	67	114	
2066	Sem68	11	68	Semjase	68	115	
2067	Sem69	11	69	Semjase	69	115	
2068	Sem70	11	70	Semjase	70	115	
2069	Sem71	11	71	Semjase	71	115	
2070	Sem72	11	72	Semjase	72	115	
2071	Sem73	11	73	Semjase	73	115	
2072	Sem74	11	74	Semjase	74	115	
2073	Sem75	11	75	Semjase	75	115	
2074	Sem76	11	76	Semjase	76	115	
2075	Sem77	11	77	Semjase	77	115	
2076	Sem78	11	78	Semjase	78	115	
2077	Sem79	11	79	Semjase	79	115	
2078	Sem80	11	80	Semjase	80	115	
2079	Sem81	11	81	Semjase	81	115	
2080	Sem82	11	82	Semjase	82	115	
2081	Sem83	11	83	Semjase	83	115	
2082	Sem84	11	84	Semjase	84	115	
2083	Sem85	11	85	Semjase	85	115	
2084	Sem86	11	86	Semjase	86	115	
2085	Sem87	11	87	Semjase	87	115	
2086	Sem88	11	88	Semjase	88	115	
2087	Sem89	11	89	Semjase	89	115	
2088	Sem90	11	90	Semjase	90	115	
2089	Sem91	11	91	Semjase	91	115	
2090	Sem92	11	92	Semjase	92	115	
2091	Sem93	11	93	Semjase	93	115	
2092	Sem94	11	94	Semjase	94	116	
2093	Sem95	11	95	Semjase	95	116	
2094	Sem96	11	96	Semjase	96	116	
2095	Sem97	11	97	Semjase	97	116	
2096	Sem98	11	98	Semjase	98	116	
2097	Sem99	11	99	Semjase	99	116	
2098	Sem100	11	100	Semjase	100	116	
2099	Sem101	11	101	Semjase	101	116	
2100	Sem102	11	102	Semjase	102	116	
2101	Sem103	11	103	Semjase	103	116	
2102	Sem104	11	104	Semjase	104	116	
2103	Sem105	11	105	Semjase	105	116	
2104	Sem106	11	106	Semjase	106	116	
2105	Sem107	11	107	Semjase	107	116	
2106	Sem108	11	108	Semjase	108	116	
2107	Sem109	11	109	Semjase	109	116	
2108	Sem110	11	110	Semjase	110	116	
2109	Sem111	11	111	Semjase	111	116	
2110	Sem112	11	112	Semjase	112	116	
2111	Sem113	11	113	Semjase	113	116	
2112	Sem114	11	114	Semjase	114	116	
2113	Sem115	11	115	Semjase	115	116	
2114	Sem116	11	116	Semjase	116	116	
2115	Sem117	11	117	Semjase	117	116	
2116	Sem118	11	118	Semjase	118	116	
2117	Sem119	11	119	Semjase	119	116	
2118	Sem120	11	120	Semjase	120	117	
2119	Sem121	11	121	Semjase	121	117	
2120	Sem122	11	122	Semjase	122	117	
2121	Sem123	11	123	Semjase	123	117	
2122	Sem124	11	124	Semjase	124	117	
2123	Sem125	11	125	Semjase	125	117	
2124	Sem126	11	126	Semjase	126	117	
2125	Sem127	11	127	Semjase	127	117	
2126	Sem128	11	128	Semjase	128	117	
2127	Sem129	11	129	Semjase	129	117	
2128	Sem130	11	130	Semjase	130	117	
2129	Sem131	11	131	Semjase	131	117	
2130	Sem132	11	132	Semjase	132	117	
2131	Sem133	11	133	Semjase	133	117	
2132	Sem134	11	134	Semjase	134	117	
2133	Sem135	11	135	Semjase	135	117	
2134	Sem136	11	136	Semjase	136	117	
2135	Sem137	11	137	Semjase	137	117	
2136	Sem138	11	138	Semjase	138	117	
2137	Sem139	11	139	Semjase	139	117	
2138	Sem140	11	140	Semjase	140	117	
2139	Sem141	11	141	Semjase	141	117	
2140	Sem142	11	142	Semjase	142	117	
2141	Sem143	11	143	Semjase	143	117	
2142	Sem144	11	144	Semjase	144	117	
2143	Sem145	11	145	Semjase	145	117	
2144	Sem146	11	146	Semjase	146	118	
2145	Sem147	11	147	Semjase	147	118	
2146	Sem148	11	148	Semjase	148	118	
2147	Sem149	11	149	Semjase	149	118	
2148	Sem150	11	150	Semjase	150	118	
2149	Sem151	11	151	Semjase	151	118	
2150	Sem152	11	152	Semjase	152	118	
2151	Sem153	11	153	Semjase	153	118	
2152	Sem154	11	154	Semjase	154	118	
2153	Sem155	11	155	Semjase	155	118	
2154	Sem156	11	156	Semjase	156	118	
2155	Sem157	11	157	Semjase	157	118	
2156	Sem158	11	158	Semjase	158	118	
2157	Sem159	11	159	Semjase	159	119	
2158	Sem160	11	160	Semjase	160	119	
2159	Sem161	11	161	Semjase	161	119	
2160	Sem162	11	162	Semjase	162	119	
2161	Sem163	11	163	Semjase	163	119	
2162	Sem164	11	164	Semjase	164	119	
2163	Sem165	11	165	Semjase	165	119	
2164	Sem166	11	166	Semjase	166	119	
2165	Sem167	11	167	Semjase	167	119	
2166	Sem1	12	1	Semjase	1	119	
2167	Sem2	12	2	Semjase	2	119	
2168	Sem3	12	3	Semjase	3	119	
2169	Sem4	12	4	Semjase	4	119	
2170	Sem5	12	5	Semjase	5	119	
2171	Sem6	12	6	Semjase	6	120	
2172	Sem7	12	7	Semjase	7	120	
2173	Sem8	12	8	Semjase	8	120	
2174	Sem9	12	9	Semjase	9	120	
2175	Sem10	12	10	Semjase	10	120	
2176	Sem11	12	11	Semjase	11	120	
2177	Sem12	12	12	Semjase	12	120	
2178	Sem13	12	13	Semjase	13	120	
2179	Sem14	12	14	Semjase	14	120	
2180	Sem15	12	15	Semjase	15	120	
2181	Sem16	12	16	Semjase	16	120	
2182	Sem17	12	17	Semjase	17	120	
2183	Sem18	12	18	Semjase	18	120	
2184	Sem19	12	19	Semjase	19	120	
2185	Sem20	12	20	Semjase	20	120	
2186	Sem21	12	21	Semjase	21	120	
2187	Sem22	12	22	Semjase	22	120	
2188	Sem23	12	23	Semjase	23	120	
2189	Sem24	12	24	Semjase	24	121	
2190	Sem25	12	25	Semjase	25	121	
2191	Sem26	12	26	Semjase	26	121	
2192	Sem27	12	27	Semjase	27	121	
2193	Sem28	12	28	Semjase	28	121	
2194	Sem29	12	29	Semjase	29	121	
2195	Sem30	12	30	Semjase	30	121	
2196	Sem31	12	31	Semjase	31	121	
2197	Sem32	12	32	Semjase	32	121	
2198	Sem33	12	33	Semjase	33	121	
2199	Sem34	12	34	Semjase	34	121	
2200	Sem35	12	35	Semjase	35	121	
2201	Sem36	12	36	Semjase	36	121	
2202	Sem37	12	37	Semjase	37	121	
2203	Sem38	12	38	Semjase	38	121	
2204	Sem39	12	39	Semjase	39	121	
2205	Sem40	12	40	Semjase	40	121	
2206	Sem41	12	41	Semjase	41	121	
2207	Sem42	12	42	Semjase	42	121	
2208	Sem1	12a-gedanken	1	Semjase	1	123	
2209	Sem2	12a-gedanken	2	Semjase	2	123	
2210	Sem3	12a-gedanken	3	Semjase	3	123	
2211	Sem4	12a-gedanken	4	Semjase	4	123	
2212	Sem5	12a-gedanken	5	Semjase	5	123	
2213	Sem6	12a-gedanken	6	Semjase	6	123	
2214	Sem7	12a-gedanken	7	Semjase	7	123	
2215	Sem8	12a-gedanken	8	Semjase	8	123	
2216	Sem9	12a-gedanken	9	Semjase	9	123	
2217	Sem10	12a-gedanken	10	Semjase	10	123	
2218	Sem11	12a-gedanken	11	Semjase	11	123	
2219	Sem12	12a-gedanken	12	Semjase	12	123	
2220	Sem13	12a-gedanken	13	Semjase	13	123	
2221	Sem14	12a-gedanken	14	Semjase	14	123	
2222	Sem15	12a-gedanken	15	Semjase	15	123	
2223	Sem16	12a-gedanken	16	Semjase	16	123	
2224	Sem17	12a-gedanken	17	Semjase	17	123	
2225	Sem18	12a-gedanken	18	Semjase	18	123	
2226	Sem19	12a-gedanken	19	Semjase	19	123	
2227	Sem20	12a-gedanken	20	Semjase	20	123	
2228	Sem21	12a-gedanken	21	Semjase	21	123	
2229	Sem22	12a-gedanken	22	Semjase	22	123	
2230	Sem23	12a-gedanken	23	Semjase	23	123	
2231	Sem24	12a-gedanken	24	Semjase	24	123	
2232	Sem25	12a-gedanken	25	Semjase	25	123	
2233	Sem26	12a-gedanken	26	Semjase	26	123	
2234	Sem27	12a-gedanken	27	Semjase	27	123	
2235	Sem28	12a-gedanken	28	Semjase	28	123	
2236	Sem29	12a-gedanken	29	Semjase	29	124	
2237	Sem30	12a-gedanken	30	Semjase	30	124	
2238	Sem31	12a-gedanken	31	Semjase	31	124	
2239	Sem32	12a-gedanken	32	Semjase	32	124	
2240	Sem33	12a-gedanken	33	Semjase	33	124	
2241	Sem34	12a-gedanken	34	Semjase	34	124	
2242	Sem35	12a-gedanken	35	Semjase	35	124	
2243	Sem36	12a-gedanken	36	Semjase	36	124	
2244	Sem37	12a-gedanken	37	Semjase	37	124	
2245	Sem38	12a-gedanken	38	Semjase	38	124	
2246	Sem39	12a-gedanken	39	Semjase	39	124	
2247	Sem40	12a-gedanken	40	Semjase	40	124	
2248	Sem41	12a-gedanken	41	Semjase	41	124	
2249	Sem42	12a-gedanken	42	Semjase	42	124	
2250	Sem43	12a-gedanken	43	Semjase	43	124	
2251	Sem44	12a-gedanken	44	Semjase	44	124	
2252	Sem45	12a-gedanken	45	Semjase	45	124	
2253	Sem46	12a-gedanken	46	Semjase	46	124	
2254	Sem47	12a-gedanken	47	Semjase	47	124	
2255	Sem48	12a-gedanken	48	Semjase	48	124	
2256	Sem49	12a-gedanken	49	Semjase	49	124	
2257	Sem50	12a-gedanken	50	Semjase	50	124	
2258	Sem51	12a-gedanken	51	Semjase	51	124	
2259	Sem52	12a-gedanken	52	Semjase	52	125	
2260	Sem53	12a-gedanken	53	Semjase	53	125	
2261	Sem54	12a-gedanken	54	Semjase	54	125	
2262	Sem55	12a-gedanken	55	Semjase	55	125	
2263	Sem56	12a-gedanken	56	Semjase	56	125	
2264	Sem57	12a-gedanken	57	Semjase	57	125	
2265	Sem58	12a-gedanken	58	Semjase	58	125	
2266	Sem59	12a-gedanken	59	Semjase	59	125	
2267	Sem60	12a-gedanken	60	Semjase	60	125	
2268	Sem61	12a-gedanken	61	Semjase	61	125	
2269	Sem62	12a-gedanken	62	Semjase	62	125	
2270	Sem63	12a-gedanken	63	Semjase	63	125	
2271	Sem64	12a-gedanken	64	Semjase	64	125	
2272	Sem65	12a-gedanken	65	Semjase	65	125	
2273	Sem66	12a-gedanken	66	Semjase	66	125	
2274	Sem67	12a-gedanken	67	Semjase	67	125	
2275	Sem68	12a-gedanken	68	Semjase	68	125	
2276	Sem69	12a-gedanken	69	Semjase	69	125	
2277	Sem70	12a-gedanken	70	Semjase	70	125	
2278	Sem71	12a-gedanken	71	Semjase	71	125	
2279	Sem72	12a-gedanken	72	Semjase	72	125	
2280	Sem73	12a-gedanken	73	Semjase	73	125	
2281	Sem74	12a-gedanken	74	Semjase	74	125	
2282	Sem75	12a-gedanken	75	Semjase	75	125	
2283	Sem76	12a-gedanken	76	Semjase	76	126	
2284	Sem77	12a-gedanken	77	Semjase	77	126	
2285	Sem78	12a-gedanken	78	Semjase	78	126	
2286	Sem79	12a-gedanken	79	Semjase	79	126	
2287	Sem80	12a-gedanken	80	Semjase	80	126	
2288	Sem1	13	1	Semjase	1	127	
2289	Sem2	13	2	Semjase	2	127	
2290	Sem3	13	3	Semjase	3	127	
2291	Sem4	13	4	Semjase	4	127	
2292	Sem5	13	5	Semjase	5	127	
2293	Sem6	13	6	Semjase	6	127	
2294	Sem7	13	7	Semjase	7	127	
2295	Sem8	13	8	Semjase	8	127	
2296	Sem9	13	9	Semjase	9	127	
2297	Sem10	13	10	Semjase	10	127	
2298	Sem11	13	11	Semjase	11	127	
2299	Sem12	13	12	Semjase	12	127	
2300	Sem13	13	13	Semjase	13	127	
2301	Sem14	13	14	Semjase	14	127	
2302	Sem15	13	15	Semjase	15	127	
2303	Sem16	13	16	Semjase	16	127	
2304	Sem17	13	17	Semjase	17	127	
2305	Sem18	13	18	Semjase	18	127	
2306	Sem19	13	19	Semjase	19	127	
2307	Sem20	13	20	Semjase	20	127	
2308	Sem21	13	21	Semjase	21	128	
2309	Sem22	13	22	Semjase	22	128	
2310	Sem23	13	23	Semjase	23	128	
2311	Sem24	13	24	Semjase	24	128	
2312	Sem25	13	25	Semjase	25	128	
2313	Sem26	13	26	Semjase	26	128	
2314	Sem27	13	27	Semjase	27	128	
2315	Sem28	13	28	Semjase	28	128	
2316	Sem29	13	29	Semjase	29	128	
2317	Sem30	13	30	Semjase	30	128	
2318	Sem31	13	31	Semjase	31	128	
2319	Sem32	13	32	Semjase	32	128	
2320	Sem33	13	33	Semjase	33	128	
2321	Sem34	13	34	Semjase	34	128	
2322	Sem35	13	35	Semjase	35	128	
2323	Sem36	13	36	Semjase	36	128	
2324	Sem37	13	37	Semjase	37	128	
2325	Sem38	13	38	Semjase	38	128	
2326	Sem39	13	39	Semjase	39	128	
2327	Sem40	13	40	Semjase	40	128	
2328	Sem41	13	41	Semjase	41	129	
2329	Sem42	13	42	Semjase	42	129	
2330	Sem43	13	43	Semjase	43	129	
2331	Sem44	13	44	Semjase	44	129	
2332	Sem45	13	45	Semjase	45	129	
2333	Sem46	13	46	Semjase	46	129	
2334	Sem47	13	47	Semjase	47	129	
2335	Sem48	13	48	Semjase	48	129	
2336	Sem49	13	49	Semjase	49	129	
2337	Sem50	13	50	Semjase	50	129	
2338	Sem1	14	1	Semjase	1	129	
2339	Sem2	14	2	Semjase	2	129	
2340	Sem3	14	3	Semjase	3	129	
2341	Sem4	14	4	Semjase	4	129	
2342	Sem5	14	5	Semjase	5	129	
2343	Sem6	14	6	Semjase	6	130	
2344	Sem7	14	7	Semjase	7	130	
2345	Sem8	14	8	Semjase	8	130	
2346	Sem9	14	9	Semjase	9	130	
2347	Sem10	14	10	Semjase	10	130	
2348	Sem11	14	11	Semjase	11	130	
2349	Sem12	14	12	Semjase	12	130	
2350	Sem13	14	13	Semjase	13	130	
2351	Sem14	14	14	Semjase	14	130	
2352	Sem15	14	15	Semjase	15	130	
2353	Sem16	14	16	Semjase	16	130	
2354	Sem17	14	17	Semjase	17	130	
2355	Sem18	14	18	Semjase	18	130	
2356	Sem19	14	19	Semjase	19	131	
2357	Sem20	14	20	Semjase	20	131	
2358	Sem21	14	21	Semjase	21	131	
2359	Sem22	14	22	Semjase	22	131	
2360	Sem23	14	23	Semjase	23	131	
2361	Sem24	14	24	Semjase	24	131	
2362	Sem25	14	25	Semjase	25	131	
2363	Sem26	14	26	Semjase	26	131	
2364	Sem27	14	27	Semjase	27	131	
2365	Sem28	14	28	Semjase	28	131	
2366	Sem29	14	29	Semjase	29	131	
2367	Sem30	14	30	Semjase	30	131	
2368	Sem31	14	31	Semjase	31	131	
2369	Sem32	14	32	Semjase	32	131	
2370	Sem33	14	33	Semjase	33	131	
2371	Sem34	14	34	Semjase	34	131	
2372	Sem35	14	35	Semjase	35	132	
2373	Sem36	14	36	Semjase	36	132	
2374	Sem37	14	37	Semjase	37	132	
2375	Sem38	14	38	Semjase	38	132	
2376	Sem39	14	39	Semjase	39	132	
2377	Sem40	14	40	Semjase	40	132	
2378	Sem41	14	41	Semjase	41	132	
2379	Sem42	14	42	Semjase	42	132	
2380	Sem43	14	43	Semjase	43	132	
2381	Sem44	14	44	Semjase	44	132	
2382	Sem45	14	45	Semjase	45	132	
2383	Sem46	14	46	Semjase	46	132	
2384	Sem47	14	47	Semjase	47	132	
2385	Sem48	14	48	Semjase	48	132	
2386	Sem49	14	49	Semjase	49	132	
2387	Sem50	14	50	Semjase	50	132	
2388	Sem51	14	51	Semjase	51	132	
2389	Sem52	14	52	Semjase	52	132	
2390	Sem53	14	53	Semjase	53	132	
2391	Sem54	14	54	Semjase	54	133	
2392	Sem55	14	55	Semjase	55	133	
2393	Sem56	14	56	Semjase	56	133	
2394	Sem57	14	57	Semjase	57	133	
2395	Sem58	14	58	Semjase	58	133	
2396	Sem59	14	59	Semjase	59	133	
2397	Sem60	14	60	Semjase	60	133	
2398	Sem61	14	61	Semjase	61	133	
2399	Sem62	14	62	Semjase	62	133	
2400	Sem63	14	63	Semjase	63	133	
2401	Sem64	14	64	Semjase	64	133	
2402	Sem65	14	65	Semjase	65	133	
2403	Sem66	14	66	Semjase	66	133	
2404	Sem67	14	67	Semjase	67	133	
2405	Sem68	14	68	Semjase	68	133	
2406	Sem69	14	69	Semjase	69	133	
2407	Sem70	14	70	Semjase	70	134	
2408	Sem71	14	71	Semjase	71	134	
2409	Sem72	14	72	Semjase	72	134	
2410	Sem73	14	73	Semjase	73	134	
2411	Sem74	14	74	Semjase	74	134	
2412	Sem75	14	75	Semjase	75	134	
2413	Sem76	14	76	Semjase	76	134	
2414	Sem77	14	77	Semjase	77	134	
2415	Sem78	14	78	Semjase	78	134	
2416	Sem79	14	79	Semjase	79	134	
2417	Sem80	14	80	Semjase	80	134	
2418	Sem81	14	81	Semjase	81	134	
2419	Sem82	14	82	Semjase	82	134	
2420	Sem1	15	1	Semjase	1	135	
2421	Sem2	15	2	Semjase	2	135	
2422	Sem3	15	3	Semjase	3	135	
2423	Sem4	15	4	Semjase	4	135	
2424	Sem5	15	5	Semjase	5	135	
2425	Sem6	15	6	Semjase	6	135	
2426	Sem7	15	7	Semjase	7	135	
2427	Sem8	15	8	Semjase	8	135	
2428	Sem9	15	9	Semjase	9	135	
2429	Sem10	15	10	Semjase	10	135	
2430	Sem11	15	11	Semjase	11	135	
2431	Sem12	15	12	Semjase	12	135	
2432	Sem13	15	13	Semjase	13	135	
2433	Sem14	15	14	Semjase	14	135	
2434	Sem15	15	15	Semjase	15	135	
2435	Sem16	15	16	Semjase	16	135	
2436	Sem17	15	17	Semjase	17	135	
2437	Sem18	15	18	Semjase	18	135	
2438	Sem19	15	19	Semjase	19	135	
2439	Sem20	15	20	Semjase	20	135	
2440	Sem21	15	21	Semjase	21	135	
2441	Sem22	15	22	Semjase	22	135	
2442	Sem23	15	23	Semjase	23	136	
2443	Sem24	15	24	Semjase	24	136	
2444	Sem25	15	25	Semjase	25	136	
2445	Sem26	15	26	Semjase	26	136	
2446	Sem27	15	27	Semjase	27	136	
2447	Sem28	15	28	Semjase	28	136	
2448	Sem29	15	29	Semjase	29	136	
2449	Sem30	15	30	Semjase	30	136	
2450	Sem31	15	31	Semjase	31	136	
2451	Sem32	15	32	Semjase	32	136	
2452	Sem33	15	33	Semjase	33	136	
2453	Sem34	15	34	Semjase	34	136	
2454	Sem35	15	35	Semjase	35	136	
2455	Sem36	15	36	Semjase	36	136	
2456	Sem37	15	37	Semjase	37	136	
2457	Sem38	15	38	Semjase	38	136	
2458	Sem39	15	39	Semjase	39	136	
2459	Sem40	15	40	Semjase	40	136	
2460	Sem41	15	41	Semjase	41	136	
2461	Sem42	15	42	Semjase	42	136	
2462	Sem43	15	43	Semjase	43	136	
2463	Sem44	15	44	Semjase	44	137	
2464	Sem45	15	45	Semjase	45	137	
2465	Sem46	15	46	Semjase	46	137	
2466	Sem47	15	47	Semjase	47	137	
2467	Sem48	15	48	Semjase	48	137	
2468	Sem49	15	49	Semjase	49	137	
2469	Sem50	15	50	Semjase	50	137	
2470	Sem51	15	51	Semjase	51	137	
2471	Sem52	15	52	Semjase	52	137	
2472	Sem53	15	53	Semjase	53	137	
2473	Sem54	15	54	Semjase	54	137	
2474	Sem55	15	55	Semjase	55	137	
2475	Sem56	15	56	Semjase	56	137	
2476	Sem57	15	57	Semjase	57	137	
2477	Sem58	15	58	Semjase	58	137	
2478	Sem59	15	59	Semjase	59	137	
2479	Sem60	15	60	Semjase	60	137	
2480	Sem61	15	61	Semjase	61	137	
2481	Sem62	15	62	Semjase	62	137	
2482	Sem63	15	63	Semjase	63	138	
2483	Sem64	15	64	Semjase	64	138	
2484	Sem65	15	65	Semjase	65	138	
2485	Sem66	15	66	Semjase	66	138	
2486	Sem67	15	67	Semjase	67	138	
2487	Sem68	15	68	Semjase	68	138	
2488	Sem69	15	69	Semjase	69	138	
2489	Sem70	15	70	Semjase	70	139	
2490	Sem71	15	71	Semjase	71	139	
2491	Sem72	15	72	Semjase	72	139	
2492	Sem73	15	73	Semjase	73	139	
2493	Sem74	15	74	Semjase	74	139	
2494	Sem75	15	75	Semjase	75	139	
2495	Sem76	15	76	Semjase	76	139	
2496	Sem77	15	77	Semjase	77	139	
2497	Sem78	15	78	Semjase	78	139	
2498	Sem79	15	79	Semjase	79	139	
2499	Sem80	15	80	Semjase	80	139	
2500	Sem81	15	81	Semjase	81	139	
2501	Sem82	15	82	Semjase	82	139	
2502	Sem83	15	83	Semjase	83	139	
2503	Sem84	15	84	Semjase	84	139	
2504	Sem85	15	85	Semjase	85	139	
2505	Sem86	15	86	Semjase	86	139	
2506	Sem87	15	87	Semjase	87	139	
2507	Sem88	15	88	Semjase	88	139	
2508	Sem89	15	89	Semjase	89	139	
2509	Sem90	15	90	Semjase	90	139	
2510	Sem91	15	91	Semjase	91	139	
2511	Sem92	15	92	Semjase	92	139	
2512	Sem93	15	93	Semjase	93	140	
2513	Sem94	15	94	Semjase	94	140	
2514	Sem95	15	95	Semjase	95	140	
2515	Sem96	15	96	Semjase	96	140	
2516	Sem97	15	97	Semjase	97	140	
2517	Sem98	15	98	Semjase	98	140	
2518	Sem99	15	99	Semjase	99	140	
2519	Sem100	15	100	Semjase	100	140	
2520	Sem101	15	101	Semjase	101	140	
2521	Sem102	15	102	Semjase	102	140	
2522	Sem103	15	103	Semjase	103	140	
2523	Sem104	15	104	Semjase	104	140	
2524	Sem105	15	105	Semjase	105	140	
2525	Sem106	15	106	Semjase	106	140	
2526	Sem107	15	107	Semjase	107	140	
2527	Sem108	15	108	Semjase	108	140	
2528	Sem109	15	109	Semjase	109	140	
2529	Sem110	15	110	Semjase	110	140	
2530	Sem111	15	111	Semjase	111	140	
2531	Sem112	15	112	Semjase	112	140	
2532	Sem113	15	113	Semjase	113	140	
2533	Sem114	15	114	Semjase	114	140	
2534	Sem115	15	115	Semjase	115	140	
2535	Sem116	15	116	Semjase	116	140	
2536	Sem117	15	117	Semjase	117	140	
2537	Sem118	15	118	Semjase	118	140	
2538	Sem119	15	119	Semjase	119	140	
2539	Sem120	15	120	Semjase	120	140	
2540	Sem121	15	121	Semjase	121	141	
2541	Sem122	15	122	Semjase	122	141	
2542	Sem123	15	123	Semjase	123	141	
2543	Sem124	15	124	Semjase	124	141	
2544	Sem125	15	125	Semjase	125	141	
2545	Sem126	15	126	Semjase	126	141	
2546	Sem127	15	127	Semjase	127	141	
2547	Sem128	15	128	Semjase	128	141	
2548	Sem1	16	1	Semjase	1	141	
2549	Sem2	16	2	Semjase	2	141	
2550	Sem3	16	3	Semjase	3	141	
2551	Sem4	16	4	Semjase	4	141	
2552	Sem5	16	5	Semjase	5	141	
2553	Sem6	16	6	Semjase	6	141	
2554	Sem7	16	7	Semjase	7	142	
2555	Sem8	16	8	Semjase	8	142	
2556	Sem9	16	9	Semjase	9	142	
2557	Sem10	16	10	Semjase	10	142	
2558	Sem11	16	11	Semjase	11	142	
2559	Sem12	16	12	Semjase	12	142	
2560	Sem13	16	13	Semjase	13	142	
2561	Sem14	16	14	Semjase	14	142	
2562	Sem15	16	15	Semjase	15	142	
2563	Sem16	16	16	Semjase	16	142	
2564	Sem17	16	17	Semjase	17	142	
2565	Sem18	16	18	Semjase	18	142	
2566	Sem19	16	19	Semjase	19	142	
2567	Sem20	16	20	Semjase	20	142	
2568	Sem21	16	21	Semjase	21	142	
2569	Sem22	16	22	Semjase	22	142	
2570	Sem23	16	23	Semjase	23	142	
2571	Sem24	16	24	Semjase	24	142	
2572	Sem25	16	25	Semjase	25	142	
2573	Sem26	16	26	Semjase	26	142	
2574	Sem27	16	27	Semjase	27	143	
2575	Sem28	16	28	Semjase	28	143	
2576	Sem29	16	29	Semjase	29	143	
2577	Sem30	16	30	Semjase	30	143	
2578	Sem31	16	31	Semjase	31	143	
2579	Sem32	16	32	Semjase	32	143	
2580	Sem33	16	33	Semjase	33	143	
2581	Sem34	16	34	Semjase	34	143	
2582	Sem35	16	35	Semjase	35	143	
2583	Sem36	16	36	Semjase	36	143	
2584	Sem37	16	37	Semjase	37	143	
2585	Sem38	16	38	Semjase	38	143	
2586	Sem39	16	39	Semjase	39	143	
2587	Sem40	16	40	Semjase	40	143	
2588	Sem41	16	41	Semjase	41	144	
2589	Sem1	17	1	Semjase	1	144	
2590	Sem2	17	2	Semjase	2	144	
2591	Sem3	17	3	Semjase	3	144	
2592	Sem4	17	4	Semjase	4	144	
2593	Sem5	17	5	Semjase	5	144	
2594	Sem6	17	6	Semjase	6	144	
2595	Sem7	17	7	Semjase	7	144	
2596	Sem8	17	8	Semjase	8	144	
2597	Sem9	17	9	Semjase	9	144	
2598	Sem10	17	10	Semjase	10	144	
2599	Sem11	17	11	Semjase	11	144	
2600	Sem12	17	12	Semjase	12	144	
2601	Sem13	17	13	Semjase	13	144	
2602	Sem14	17	14	Semjase	14	144	
2603	Sem15	17	15	Semjase	15	144	
2604	Sem16	17	16	Semjase	16	144	
2605	Sem17	17	17	Semjase	17	144	
2606	Sem18	17	18	Semjase	18	144	
2607	Sem19	17	19	Semjase	19	144	
2608	Sem20	17	20	Semjase	20	145	
2609	Sem21	17	21	Semjase	21	145	
2610	Sem22	17	22	Semjase	22	145	
2611	Sem23	17	23	Semjase	23	145	
2612	Sem24	17	24	Semjase	24	145	
2613	Sem25	17	25	Semjase	25	145	
2614	Sem26	17	26	Semjase	26	145	
2615	Sem27	17	27	Semjase	27	145	
2616	Sem28	17	28	Semjase	28	145	
2617	Sem29	17	29	Semjase	29	145	
2618	Sem30	17	30	Semjase	30	145	
2619	Sem31	17	31	Semjase	31	145	
2620	Sem32	17	32	Semjase	32	146	
2621	Sem33	17	33	Semjase	33	146	
2622	Sem34	17	34	Semjase	34	146	
2623	Sem35	17	35	Semjase	35	146	
2624	Sem36	17	36	Semjase	36	146	
2625	Sem37	17	37	Semjase	37	146	
2626	Sem38	17	38	Semjase	38	146	
2627	Sem39	17	39	Semjase	39	146	
2628	Sem40	17	40	Semjase	40	146	
2629	Sem41	17	41	Semjase	41	146	
2630	Sem42	17	42	Semjase	42	146	
2631	Sem43	17	43	Semjase	43	146	
2632	Sem44	17	44	Semjase	44	146	
2633	Sem45	17	45	Semjase	45	146	
2634	Sem46	17	46	Semjase	46	146	
2635	Sem47	17	47	Semjase	47	146	
2636	Sem48	17	48	Semjase	48	146	
2637	Sem49	17	49	Semjase	49	146	
2638	Sem50	17	50	Semjase	50	146	
2639	Sem51	17	51	Semjase	51	146	
2640	Sem52	17	52	Semjase	52	146	
2641	Sem53	17	53	Semjase	53	147	
2642	Sem54	17	54	Semjase	54	147	
2643	Sem55	17	55	Semjase	55	147	
2644	Sem56	17	56	Semjase	56	147	
2645	Sem57	17	57	Semjase	57	147	
2646	Sem58	17	58	Semjase	58	147	
2647	Sem59	17	59	Semjase	59	147	
2648	Sem60	17	60	Semjase	60	147	
2649	Sem61	17	61	Semjase	61	147	
2650	Sem62	17	62	Semjase	62	147	
2651	Sem63	17	63	Semjase	63	147	
2652	Sem64	17	64	Semjase	64	147	
2653	Sem65	17	65	Semjase	65	147	
2654	Sem66	17	66	Semjase	66	147	
2655	Sem67	17	67	Semjase	67	147	
2656	Sem68	17	68	Semjase	68	147	
2657	Sem69	17	69	Semjase	69	147	
2658	Sem70	17	70	Semjase	70	147	
2659	Sem71	17	71	Semjase	71	147	
2660	Sem72	17	72	Semjase	72	147	
2661	Sem73	17	73	Semjase	73	147	
2662	Sem74	17	74	Semjase	74	147	
2663	Sem75	17	75	Semjase	75	147	
2664	Sem76	17	76	Semjase	76	147	
2665	Sem77	17	77	Semjase	77	147	
2666	Sem78	17	78	Semjase	78	147	
2667	Sem79	17	79	Semjase	79	147	
2668	Sem80	17	80	Semjase	80	147	
2669	Sem81	17	81	Semjase	81	147	
2670	Sem82	17	82	Semjase	82	147	
2671	Sem83	17	83	Semjase	83	148	
2672	Sem84	17	84	Semjase	84	148	
2673	Sem85	17	85	Semjase	85	148	
2674	Sem86	17	86	Semjase	86	148	
2675	Sem87	17	87	Semjase	87	148	
2676	Sem88	17	88	Semjase	88	148	
2677	Sem89	17	89	Semjase	89	148	
2678	Sem90	17	90	Semjase	90	148	
2679	Sem91	17	91	Semjase	91	148	
2680	Sem92	17	92	Semjase	92	148	
2681	Sem93	17	93	Semjase	93	148	
2682	Sem94	17	94	Semjase	94	148	
2683	Sem95	17	95	Semjase	95	148	
2684	Sem96	17	96	Semjase	96	148	
2685	Sem97	17	97	Semjase	97	148	
2686	Sem98	17	98	Semjase	98	148	
2687	Sem99	17	99	Semjase	99	148	
2688	Sem100	17	100	Semjase	100	148	
2689	Sem101	17	101	Semjase	101	148	
2690	Sem102	17	102	Semjase	102	148	
2691	Sem103	17	103	Semjase	103	148	
2692	Sem104	17	104	Semjase	104	148	
2693	Sem105	17	105	Semjase	105	148	
2694	Sem106	17	106	Semjase	106	148	
2695	Sem107	17	107	Semjase	107	148	
2696	Sem108	17	108	Semjase	108	148	
2697	Sem109	17	109	Semjase	109	149	
2698	Sem110	17	110	Semjase	110	149	
2699	Sem111	17	111	Semjase	111	149	
2700	Sem112	17	112	Semjase	112	149	
2701	Sem113	17	113	Semjase	113	149	
2702	Sem114	17	114	Semjase	114	149	
2703	Sem115	17	115	Semjase	115	149	
2704	Sem116	17	116	Semjase	116	149	
2705	Sem117	17	117	Semjase	117	149	
2706	Sem118	17	118	Semjase	118	149	
2707	Sem119	17	119	Semjase	119	149	
2708	Sem120	17	120	Semjase	120	149	
2709	Sem121	17	121	Semjase	121	150	
2710	Sem122	17	122	Semjase	122	150	
2711	Sem123	17	123	Semjase	123	150	
2712	Sem124	17	124	Semjase	124	150	
2713	Sem125	17	125	Semjase	125	150	
2714	Sem1	18	1	Semjase	1	150	
2715	Sem2	18	2	Semjase	2	150	
2716	Sem3	18	3	Semjase	3	150	
2717	Sem4	18	4	Semjase	4	150	
2718	Sem5	18	5	Semjase	5	150	
2719	Sem6	18	6	Semjase	6	150	
2720	Sem7	18	7	Semjase	7	150	
2721	Sem8	18	8	Semjase	8	150	
2722	Sem9	18	9	Semjase	9	150	
2723	Sem10	18	10	Semjase	10	150	
2724	Sem11	18	11	Semjase	11	150	
2725	Sem12	18	12	Semjase	12	150	
2726	Sem13	18	13	Semjase	13	150	
2727	Sem14	18	14	Semjase	14	150	
2728	Sem15	18	15	Semjase	15	151	
2729	Sem16	18	16	Semjase	16	151	
2730	Sem17	18	17	Semjase	17	151	
2731	Sem18	18	18	Semjase	18	151	
2732	Sem19	18	19	Semjase	19	151	
2733	Sem20	18	20	Semjase	20	151	
2734	Sem21	18	21	Semjase	21	151	
2735	Sem22	18	22	Semjase	22	151	
2736	Sem23	18	23	Semjase	23	151	
2737	Sem24	18	24	Semjase	24	151	
2738	Sem25	18	25	Semjase	25	151	
2739	Sem26	18	26	Semjase	26	151	
2740	Sem27	18	27	Semjase	27	151	
2741	Sem28	18	28	Semjase	28	151	
2742	Sem29	18	29	Semjase	29	151	
2743	Sem30	18	30	Semjase	30	151	
2744	Sem31	18	31	Semjase	31	151	
2745	Sem32	18	32	Semjase	32	151	
2746	Sem33	18	33	Semjase	33	151	
2747	Sem34	18	34	Semjase	34	151	
2748	Sem35	18	35	Semjase	35	151	
2749	Sem36	18	36	Semjase	36	151	
2750	Sem37	18	37	Semjase	37	151	
2751	Sem38	18	38	Semjase	38	151	
2752	Sem39	18	39	Semjase	39	151	
2753	Sem40	18	40	Semjase	40	151	
2754	Sem41	18	41	Semjase	41	152	
2755	Sem42	18	42	Semjase	42	152	
2756	Sem43	18	43	Semjase	43	152	
2757	Sem44	18	44	Semjase	44	152	
2758	Sem45	18	45	Semjase	45	152	
2759	Sem46	18	46	Semjase	46	152	
2760	Sem47	18	47	Semjase	47	152	
2761	Sem48	18	48	Semjase	48	152	
2762	Sem49	18	49	Semjase	49	152	
2763	Sem50	18	50	Semjase	50	152	
2764	Sem51	18	51	Semjase	51	152	
2765	Sem52	18	52	Semjase	52	152	
2766	Sem53	18	53	Semjase	53	152	
2767	Sem54	18	54	Semjase	54	152	
2768	Sem55	18	55	Semjase	55	152	
2769	Sem56	18	56	Semjase	56	152	
2770	Sem57	18	57	Semjase	57	152	
2771	Sem58	18	58	Semjase	58	152	
2772	Sem59	18	59	Semjase	59	152	
2773	Sem60	18	60	Semjase	60	152	
2774	Sem61	18	61	Semjase	61	152	
2775	Sem62	18	62	Semjase	62	152	
2776	Sem63	18	63	Semjase	63	152	
2777	Sem64	18	64	Semjase	64	153	
2778	Sem65	18	65	Semjase	65	153	
2779	Sem66	18	66	Semjase	66	153	
2780	Sem67	18	67	Semjase	67	153	
2781	Sem68	18	68	Semjase	68	153	
2782	Sem69	18	69	Semjase	69	153	
2783	Sem70	18	70	Semjase	70	153	
2784	Sem71	18	71	Semjase	71	153	
2785	Sem72	18	72	Semjase	72	153	
2786	Sem73	18	73	Semjase	73	153	
2787	Sem74	18	74	Semjase	74	153	
2788	Sem75	18	75	Semjase	75	153	
2789	Sem76	18	76	Semjase	76	153	
2790	Sem77	18	77	Semjase	77	153	
2791	Sem78	18	78	Semjase	78	153	
2792	Sem79	18	79	Semjase	79	153	
2793	Sem80	18	80	Semjase	80	153	
2794	Sem81	18	81	Semjase	81	153	
2795	Sem82	18	82	Semjase	82	153	
2796	Sem83	18	83	Semjase	83	153	
2797	Sem84	18	84	Semjase	84	153	
2798	Sem85	18	85	Semjase	85	153	
2799	Sem86	18	86	Semjase	86	153	
2800	Sem87	18	87	Semjase	87	153	
2801	Sem88	18	88	Semjase	88	153	
2802	Sem89	18	89	Semjase	89	153	
2803	Sem90	18	90	Semjase	90	154	
2804	Sem91	18	91	Semjase	91	154	
2805	Sem92	18	92	Semjase	92	154	
2806	Sem93	18	93	Semjase	93	154	
2807	Sem94	18	94	Semjase	94	154	
2808	Sem95	18	95	Semjase	95	154	
2809	Sem96	18	96	Semjase	96	154	
2810	Sem97	18	97	Semjase	97	154	
2811	Sem98	18	98	Semjase	98	154	
2812	Sem99	18	99	Semjase	99	154	
2813	Sem100	18	100	Semjase	100	154	
2814	Sem101	18	101	Semjase	101	154	
2815	Sem102	18	102	Semjase	102	154	
2816	Sem103	18	103	Semjase	103	154	
2817	Sem104	18	104	Semjase	104	154	
2818	Sem105	18	105	Semjase	105	154	
2819	Sem106	18	106	Semjase	106	154	
2820	Sem107	18	107	Semjase	107	154	
2821	Sem108	18	108	Semjase	108	155	
2822	Sem109	18	109	Semjase	109	155	
2823	Sem110	18	110	Semjase	110	155	
2824	Sem111	18	111	Semjase	111	155	
2825	Sem112	18	112	Semjase	112	155	
2826	Sem113	18	113	Semjase	113	155	
2827	Sem114	18	114	Semjase	114	155	
2828	Sem115	18	115	Semjase	115	155	
2829	Sem116	18	116	Semjase	116	155	
2830	Sem117	18	117	Semjase	117	155	
2831	Sem118	18	118	Semjase	118	155	
2832	Sem119	18	119	Semjase	119	155	
2833	Sem120	18	120	Semjase	120	155	
2834	Sem121	18	121	Semjase	121	155	
2835	Sem122	18	122	Semjase	122	155	
2836	Sem123	18	123	Semjase	123	155	
2837	Sem124	18	124	Semjase	124	155	
2838	Sem125	18	125	Semjase	125	155	
2839	Sem126	18	126	Semjase	126	155	
2840	Sem127	18	127	Semjase	127	155	
2841	Sem128	18	128	Semjase	128	156	
2842	Sem129	18	129	Semjase	129	156	
2843	Sem130	18	130	Semjase	130	156	
2844	Sem131	18	131	Semjase	131	156	
2845	Sem132	18	132	Semjase	132	156	
2846	Sem133	18	133	Semjase	133	156	
2847	Sem134	18	134	Semjase	134	156	
2848	Sem135	18	135	Semjase	135	156	
2849	Sem136	18	136	Semjase	136	157	
2850	Sem137	18	137	Semjase	137	157	
2851	Sem138	18	138	Semjase	138	157	
2852	Sem139	18	139	Semjase	139	157	
2853	Sem140	18	140	Semjase	140	157	
2854	Sem141	18	141	Semjase	141	157	
2855	Sem142	18	142	Semjase	142	157	
2856	Sem143	18	143	Semjase	143	157	
2857	Sem144	18	144	Semjase	144	157	
2858	Sem145	18	145	Semjase	145	157	
2859	Sem146	18	146	Semjase	146	157	
2860	Sem147	18	147	Semjase	147	157	
2861	Sem148	18	148	Semjase	148	157	
2862	Sem149	18	149	Semjase	149	158	
2863	Sem150	18	150	Semjase	150	158	
2864	Sem151	18	151	Semjase	151	158	
2865	Sem152	18	152	Semjase	152	158	
2866	Sem153	18	153	Semjase	153	158	
2867	Sem154	18	154	Semjase	154	158	
2868	Sem155	18	155	Semjase	155	158	
2869	Sem156	18	156	Semjase	156	158	
2870	Sem157	18	157	Semjase	157	158	
2871	Sem158	18	158	Semjase	158	158	
2872	Sem159	18	159	Semjase	159	158	
2873	Sem160	18	160	Semjase	160	158	
2874	Sem161	18	161	Semjase	161	158	
2875	Sem162	18	162	Semjase	162	158	
2876	Sem163	18	163	Semjase	163	158	
2877	Sem164	18	164	Semjase	164	158	
2878	Sem165	18	165	Semjase	165	158	
2879	Sem166	18	166	Semjase	166	158	
2880	Sem167	18	167	Semjase	167	158	
2881	Sem168	18	168	Semjase	168	158	
2882	Sem169	18	169	Semjase	169	158	
2883	Sem1	19	1	Semjase	1	159	
2884	Sem2	19	2	Semjase	2	159	
2885	Sem3	19	3	Semjase	3	159	
2886	Sem4	19	4	Semjase	4	159	
2887	Sem5	19	5	Semjase	5	159	
2888	Sem6	19	6	Semjase	6	159	
2889	Sem7	19	7	Semjase	7	159	
2890	Sem8	19	8	Semjase	8	159	
2891	Sem9	19	9	Semjase	9	159	
2892	Sem10	19	10	Semjase	10	159	
2893	Sem11	19	11	Semjase	11	159	
2894	Sem12	19	12	Semjase	12	159	
2895	Sem13	19	13	Semjase	13	159	
2896	Sem14	19	14	Semjase	14	159	
2897	Sem15	19	15	Semjase	15	159	
2898	Sem16	19	16	Semjase	16	159	
2899	Sem17	19	17	Semjase	17	159	
2900	Sem18	19	18	Semjase	18	159	
2901	Sem19	19	19	Semjase	19	159	
2902	Sem20	19	20	Semjase	20	159	
2903	Sem21	19	21	Semjase	21	159	
2904	Sem22	19	22	Semjase	22	159	
2905	Sem23	19	23	Semjase	23	160	
2906	Sem24	19	24	Semjase	24	160	
2907	Sem25	19	25	Semjase	25	160	
2908	Sem26	19	26	Semjase	26	160	
2909	Sem1	20	1	Semjase	1	161	
2910	Sem2	20	2	Semjase	2	161	
2911	Sem3	20	3	Semjase	3	161	
2912	Sem4	20	4	Semjase	4	162	
2913	Sem5	20	5	Semjase	5	162	
2914	Sem6	20	6	Semjase	6	162	
2915	Sem7	20	7	Semjase	7	162	
2916	Sem8	20	8	Semjase	8	162	
2917	Sem9	20	9	Semjase	9	162	
2918	Sem10	20	10	Semjase	10	161	
2919	Sem11	20	11	Semjase	11	161	
2920	Sem12	20	12	Semjase	12	161	
2921	Sem13	20	13	Semjase	13	161	
2922	Sem14	20	14	Semjase	14	161	
2923	Sem15	20	15	Semjase	15	161	
2924	Sem16	20	16	Semjase	16	161	
2925	Sem17	20	17	Semjase	17	161	
2926	Sem18	20	18	Semjase	18	161	
2927	Sem19	20	19	Semjase	19	161	
2928	Sem20	20	20	Semjase	20	161	
2929	Sem21	20	21	Semjase	21	161	
2930	Sem22	20	22	Semjase	22	161	
2931	Sem23	20	23	Semjase	23	161	
2932	Sem24	20	24	Semjase	24	161	
2933	Sem25	20	25	Semjase	25	161	
2934	Sem26	20	26	Semjase	26	161	
2935	Sem27	20	27	Semjase	27	161	
2936	Sem28	20	28	Semjase	28	161	
2937	Sem29	20	29	Semjase	29	162	
2938	Sem30	20	30	Semjase	30	162	
2939	Sem31	20	31	Semjase	31	162	
2940	Sem32	20	32	Semjase	32	162	
2941	Sem33	20	33	Semjase	33	162	
2942	Sem34	20	34	Semjase	34	162	
2943	Sem35	20	35	Semjase	35	162	
2944	Sem36	20	36	Semjase	36	162	
2945	Sem37	20	37	Semjase	37	162	
2946	Sem38	20	38	Semjase	38	162	
2947	Sem39	20	39	Semjase	39	162	
2948	Sem40	20	40	Semjase	40	162	
2949	Sem41	20	41	Semjase	41	162	
2950	Sem42	20	42	Semjase	42	162	
2951	Sem43	20	43	Semjase	43	162	
2952	Sem44	20	44	Semjase	44	162	
2953	Sem45	20	45	Semjase	45	162	
2954	Sem46	20	46	Semjase	46	162	
2955	Sem47	20	47	Semjase	47	162	
2956	Sem48	20	48	Semjase	48	162	
2957	Sem49	20	49	Semjase	49	162	
2958	Sem50	20	50	Semjase	50	163	
2959	Sem51	20	51	Semjase	51	163	
2960	Sem52	20	52	Semjase	52	163	
2961	Sem53	20	53	Semjase	53	163	
2962	Sem54	20	54	Semjase	54	163	
2963	Sem55	20	55	Semjase	55	163	
2964	Sem56	20	56	Semjase	56	163	
2965	Sem57	20	57	Semjase	57	163	
2966	Sem58	20	58	Semjase	58	163	
2967	Sem59	20	59	Semjase	59	163	
2968	Sem60	20	60	Semjase	60	163	
2969	Sem61	20	61	Semjase	61	163	
2970	Sem62	20	62	Semjase	62	163	
2971	Sem63	20	63	Semjase	63	163	
2972	Sem64	20	64	Semjase	64	163	
2973	Sem65	20	65	Semjase	65	163	
2974	Sem66	20	66	Semjase	66	163	
2975	Sem67	20	67	Semjase	67	163	
2976	Sem68	20	68	Semjase	68	163	
2977	Sem69	20	69	Semjase	69	163	
2978	Sem70	20	70	Semjase	70	164	
2979	Sem71	20	71	Semjase	71	164	
2980	Sem72	20	72	Semjase	72	164	
2981	Sem73	20	73	Semjase	73	164	
2982	Sem74	20	74	Semjase	74	164	
2983	Sem75	20	75	Semjase	75	164	
2984	Sem76	20	76	Semjase	76	164	
2985	Sem77	20	77	Semjase	77	164	
2986	Sem78	20	78	Semjase	78	164	
2987	Sem79	20	79	Semjase	79	164	
2988	Sem80	20	80	Semjase	80	164	
2989	Sem81	20	81	Semjase	81	164	
2990	Sem82	20	82	Semjase	82	164	
2991	Sem83	20	83	Semjase	83	164	
2992	Sem84	20	84	Semjase	84	164	
2993	Sem85	20	85	Semjase	85	164	
2994	Sem86	20	86	Semjase	86	164	
2995	Sem87	20	87	Semjase	87	164	
2996	Sem88	20	88	Semjase	88	164	
2997	Sem89	20	89	Semjase	89	164	
2998	Sem90	20	90	Semjase	90	164	
2999	Sem91	20	91	Semjase	91	164	
3000	Sem92	20	92	Semjase	92	164	
3001	Sem93	20	93	Semjase	93	166	
3002	Sem94	20	94	Semjase	94	166	
3003	Sem95	20	95	Semjase	95	166	
3004	Sem96	20	96	Semjase	96	166	
3005	Sem97	20	97	Semjase	97	166	
3006	Sem98	20	98	Semjase	98	166	
3007	Sem99	20	99	Semjase	99	166	
3008	Sem100	20	100	Semjase	100	166	
3009	Sem1	21	1	Semjase	1	167	
3010	Sem2	21	2	Semjase	2	167	
3011	Sem3	21	3	Semjase	3	167	
3012	Sem4	21	4	Semjase	4	167	
3013	Sem5	21	5	Semjase	5	167	
3014	Sem6	21	6	Semjase	6	167	
3015	Sem7	21	7	Semjase	7	167	
3016	Sem8	21	8	Semjase	8	168	
3017	Sem9	21	9	Semjase	9	168	
3018	Sem10	21	10	Semjase	10	168	
3019	Sem11	21	11	Semjase	11	168	
3020	Sem12	21	12	Semjase	12	168	
3021	Sem13	21	13	Semjase	13	168	
3022	Sem14	21	14	Semjase	14	168	
3023	Sem15	21	15	Semjase	15	168	
3024	Sem16	21	16	Semjase	16	168	
3025	Sem17	21	17	Semjase	17	168	
3026	Sem18	21	18	Semjase	18	168	
3027	Sem19	21	19	Semjase	19	168	
3028	Sem20	21	20	Semjase	20	168	
3029	Sem21	21	21	Semjase	21	168	
3030	Sem22	21	22	Semjase	22	169	
3031	Sem23	21	23	Semjase	23	169	
3032	Sem24	21	24	Semjase	24	169	
3033	Sem25	21	25	Semjase	25	169	
3034	Sem26	21	26	Semjase	26	169	
3035	Sem27	21	27	Semjase	27	169	
3036	Sem28	21	28	Semjase	28	169	
3037	Sem29	21	29	Semjase	29	169	
3038	Sem30	21	30	Semjase	30	169	
3039	Sem31	21	31	Semjase	31	169	
3040	Sem32	21	32	Semjase	32	169	
3041	Sem33	21	33	Semjase	33	169	
3042	Sem34	21	34	Semjase	34	169	
3043	Sem35	21	35	Semjase	35	170	
3044	Sem36	21	36	Semjase	36	170	
3045	Sem37	21	37	Semjase	37	170	
3046	Sem38	21	38	Semjase	38	170	
3047	Sem39	21	39	Semjase	39	170	
3048	Sem40	21	40	Semjase	40	170	
3049	Sem41	21	41	Semjase	41	170	
3050	Sem42	21	42	Semjase	42	170	
3051	Sem43	21	43	Semjase	43	170	
3052	Sem44	21	44	Semjase	44	170	
3053	Sem45	21	45	Semjase	45	170	
3054	Sem46	21	46	Semjase	46	170	
3055	Sem47	21	47	Semjase	47	170	
3056	Sem48	21	48	Semjase	48	170	
3057	Sem49	21	49	Semjase	49	171	
3058	Sem50	21	50	Semjase	50	171	
3059	Sem51	21	51	Semjase	51	171	
3060	Sem52	21	52	Semjase	52	171	
3061	Sem1	22	1	Semjase	1	171	
3062	Sem2	22	2	Semjase	2	171	
3063	Sem3	22	3	Semjase	3	171	
3064	Sem4	22	4	Semjase	4	171	
3065	Sem5	22	5	Semjase	5	171	
3066	Sem6	22	6	Semjase	6	171	
3067	Sem7	22	7	Semjase	7	171	
3068	Sem8	22	8	Semjase	8	171	
3069	Sem9	22	9	Semjase	9	171	
3070	Sem10	22	10	Semjase	10	171	
3071	Sem11	22	11	Semjase	11	172	
3072	Sem12	22	12	Semjase	12	172	
3073	Sem13	22	13	Semjase	13	172	
3074	Sem14	22	14	Semjase	14	172	
3075	Sem15	22	15	Semjase	15	172	
3076	Sem16	22	16	Semjase	16	172	
3077	Sem17	22	17	Semjase	17	172	
3078	Sem18	22	18	Semjase	18	172	
3079	Sem19	22	19	Semjase	19	172	
3080	Sem20	22	20	Semjase	20	172	
3081	Sem21	22	21	Semjase	21	173	
3082	Sem22	22	22	Semjase	22	173	
3083	Sem23	22	23	Semjase	23	173	
3084	Sem24	22	24	Semjase	24	173	
3085	Sem25	22	25	Semjase	25	173	
3086	Sem26	22	26	Semjase	26	173	
3087	Sem27	22	27	Semjase	27	173	
3088	Sem28	22	28	Semjase	28	173	
3089	Sem29	22	29	Semjase	29	173	
3090	Sem30	22	30	Semjase	30	173	
3091	Sem31	22	31	Semjase	31	173	
3092	Sem32	22	32	Semjase	32	173	
3093	Sem33	22	33	Semjase	33	173	
3094	Sem34	22	34	Semjase	34	173	
3095	Sem35	22	35	Semjase	35	173	
3096	Sem36	22	36	Semjase	36	173	
3097	Sem37	22	37	Semjase	37	174	
3098	Sem38	22	38	Semjase	38	174	
3099	Sem39	22	39	Semjase	39	174	
3100	Sem40	22	40	Semjase	40	174	
3101	Sem41	22	41	Semjase	41	174	
3102	Sem42	22	42	Semjase	42	174	
3103	Sem43	22	43	Semjase	43	174	
3104	Sem44	22	44	Semjase	44	174	
3105	Sem45	22	45	Semjase	45	174	
3106	Sem46	22	46	Semjase	46	174	
3107	Sem47	22	47	Semjase	47	174	
3108	Sem48	22	48	Semjase	48	175	
3109	Sem49	22	49	Semjase	49	175	
3110	Sem50	22	50	Semjase	50	175	
3111	Sem51	22	51	Semjase	51	175	
3112	Sem52	22	52	Semjase	52	175	
3113	Sem53	22	53	Semjase	53	175	
3114	Sem54	22	54	Semjase	54	175	
3115	Sem55	22	55	Semjase	55	175	
3116	Sem56	22	56	Semjase	56	175	
3117	Sem57	22	57	Semjase	57	175	
3118	Sem58	22	58	Semjase	58	175	
3119	Sem59	22	59	Semjase	59	175	
3120	Sem60	22	60	Semjase	60	175	
3121	Sem61	22	61	Semjase	61	176	
3122	Sem62	22	62	Semjase	62	176	
3123	Sem63	22	63	Semjase	63	176	
3124	Sem64	22	64	Semjase	64	176	
3125	Sem65	22	65	Semjase	65	176	
3126	Sem66	22	66	Semjase	66	176	
3127	Sem67	22	67	Semjase	67	176	
3128	Sem68	22	68	Semjase	68	176	
3129	Sem69	22	69	Semjase	69	176	
3130	Sem70	22	70	Semjase	70	176	
3131	Sem71	22	71	Semjase	71	176	
3132	Sem72	22	72	Semjase	72	176	
3133	Sem73	22	73	Semjase	73	176	
3134	Sem74	22	74	Semjase	74	176	
3135	Sem75	22	75	Semjase	75	176	
3136	Sem76	22	76	Semjase	76	177	
3137	Sem77	22	77	Semjase	77	177	
3138	Sem78	22	78	Semjase	78	177	
3139	Sem79	22	79	Semjase	79	177	
3140	Sem80	22	80	Semjase	80	177	
3141	Sem81	22	81	Semjase	81	177	
3142	Sem82	22	82	Semjase	82	177	
3143	Sem83	22	83	Semjase	83	177	
3144	Sem84	22	84	Semjase	84	177	
3145	Sem85	22	85	Semjase	85	177	
3146	Sem86	22	86	Semjase	86	177	
3147	Sem87	22	87	Semjase	87	177	
3148	Sem88	22	88	Semjase	88	177	
3149	Sem89	22	89	Semjase	89	177	
3150	Sem90	22	90	Semjase	90	178	
3151	Sem91	22	91	Semjase	91	178	
3152	Sem92	22	92	Semjase	92	178	
3153	Sem93	22	93	Semjase	93	178	
3154	Sem94	22	94	Semjase	94	178	
3155	Sem95	22	95	Semjase	95	178	
3156	Sem96	22	96	Semjase	96	178	
3157	Sem97	22	97	Semjase	97	178	
3158	Sem98	22	98	Semjase	98	178	
3159	Sem99	22	99	Semjase	99	178	
3160	Sem100	22	100	Semjase	100	178	
3161	Sem101	22	101	Semjase	101	178	
3162	Sem102	22	102	Semjase	102	178	
3163	Sem103	22	103	Semjase	103	178	
3164	Sem104	22	104	Semjase	104	178	
3165	Sem105	22	105	Semjase	105	178	
3166	Sem106	22	106	Semjase	106	178	
3167	Sem107	22	107	Semjase	107	178	
3168	Sem108	22	108	Semjase	108	178	
3169	Sem109	22	109	Semjase	109	178	
3170	Sem110	22	110	Semjase	110	178	
3171	Sem111	22	111	Semjase	111	179	
3172	Sem112	22	112	Semjase	112	179	
3173	Sem113	22	113	Semjase	113	179	
3174	Sem114	22	114	Semjase	114	179	
3175	Sem115	22	115	Semjase	115	179	
3176	Sem116	22	116	Semjase	116	179	
3177	Sem117	22	117	Semjase	117	179	
3178	Sem118	22	118	Semjase	118	179	
3179	Sem119	22	119	Semjase	119	179	
3180	Sem120	22	120	Semjase	120	179	
3181	Sem121	22	121	Semjase	121	179	
3182	Sem122	22	122	Semjase	122	179	
3183	Sem123	22	123	Semjase	123	179	
3184	Sem124	22	124	Semjase	124	179	
3185	Sem125	22	125	Semjase	125	179	
3186	Sem126	22	126	Semjase	126	179	
3187	Sem127	22	127	Semjase	127	179	
3188	Sem128	22	128	Semjase	128	180	
3189	Sem129	22	129	Semjase	129	180	
3190	Sem1	23	1	Semjase	1	180	
3191	Sem2	23	2	Semjase	2	180	
3192	Sem3	23	3	Semjase	3	180	
3193	Sem4	23	4	Semjase	4	180	
3194	Sem5	23	5	Semjase	5	180	
3195	Sem6	23	6	Semjase	6	180	
3196	Sem7	23	7	Semjase	7	180	
3197	Sem8	23	8	Semjase	8	180	
3198	Sem9	23	9	Semjase	9	181	
3199	Sem10	23	10	Semjase	10	181	
3200	Sem11	23	11	Semjase	11	181	
3201	Sem12	23	12	Semjase	12	181	
3202	Sem13	23	13	Semjase	13	181	
3203	Sem14	23	14	Semjase	14	181	
3204	Sem15	23	15	Semjase	15	181	
3205	Sem16	23	16	Semjase	16	181	
3206	Sem17	23	17	Semjase	17	181	
3207	Sem18	23	18	Semjase	18	181	
3208	Sem19	23	19	Semjase	19	181	
3209	Sem20	23	20	Semjase	20	181	
3210	Sem21	23	21	Semjase	21	181	
3211	Sem22	23	22	Semjase	22	181	
3212	Sem23	23	23	Semjase	23	182	
3213	Sem24	23	24	Semjase	24	182	
3214	Sem25	23	25	Semjase	25	182	
3215	Sem26	23	26	Semjase	26	182	
3216	Sem27	23	27	Semjase	27	182	
3217	Sem28	23	28	Semjase	28	182	
3218	Sem29	23	29	Semjase	29	182	
3219	Sem30	23	30	Semjase	30	182	
3220	Sem31	23	31	Semjase	31	182	
3221	Sem32	23	32	Semjase	32	182	
3222	Sem33	23	33	Semjase	33	183	
3223	Sem34	23	34	Semjase	34	183	
3224	Sem35	23	35	Semjase	35	183	
3225	Sem36	23	36	Semjase	36	183	
3226	Sem37	23	37	Semjase	37	183	
3227	Sem38	23	38	Semjase	38	183	
3228	Sem39	23	39	Semjase	39	183	
3229	Sem40	23	40	Semjase	40	183	
3230	Sem41	23	41	Semjase	41	183	
3231	Sem42	23	42	Semjase	42	183	
3232	Sem43	23	43	Semjase	43	183	
3233	Sem44	23	44	Semjase	44	183	
3234	Sem45	23	45	Semjase	45	183	
3235	Sem46	23	46	Semjase	46	183	
3236	Sem47	23	47	Semjase	47	183	
3237	Sem48	23	48	Semjase	48	183	
3238	Sem49	23	49	Semjase	49	183	
3239	Sem50	23	50	Semjase	50	183	
3240	Sem51	23	51	Semjase	51	183	
3241	Sem52	23	52	Semjase	52	183	
3242	Sem53	23	53	Semjase	53	183	
3243	Sem54	23	54	Semjase	54	183	
3244	Sem55	23	55	Semjase	55	184	
3245	Sem56	23	56	Semjase	56	184	
3246	Sem57	23	57	Semjase	57	184	
3247	Sem58	23	58	Semjase	58	184	
3248	Sem59	23	59	Semjase	59	184	
3249	Sem60	23	60	Semjase	60	184	
3250	Sem61	23	61	Semjase	61	184	
3251	Sem62	23	62	Semjase	62	184	
3252	Sem63	23	63	Semjase	63	184	
3253	Sem64	23	64	Semjase	64	184	
3254	Sem65	23	65	Semjase	65	184	
3255	Sem66	23	66	Semjase	66	184	
3256	Sem67	23	67	Semjase	67	184	
3257	Sem68	23	68	Semjase	68	184	
3258	Sem69	23	69	Semjase	69	184	
3259	Sem70	23	70	Semjase	70	184	
3260	Sem71	23	71	Semjase	71	184	
3261	Sem72	23	72	Semjase	72	184	
3262	Sem73	23	73	Semjase	73	184	
3263	Sem74	23	74	Semjase	74	185	
3264	Sem75	23	75	Semjase	75	185	
3265	Sem76	23	76	Semjase	76	185	
3266	Sem77	23	77	Semjase	77	185	
3267	Sem78	23	78	Semjase	78	185	
3268	Sem79	23	79	Semjase	79	185	
3269	Sem80	23	80	Semjase	80	185	
3270	Sem81	23	81	Semjase	81	185	
3271	Sem82	23	82	Semjase	82	185	
3272	Sem83	23	83	Semjase	83	185	
3273	Sem84	23	84	Semjase	84	185	
3274	Sem85	23	85	Semjase	85	185	
3275	Sem86	23	86	Semjase	86	185	
3276	Sem87	23	87	Semjase	87	185	
3277	Sem88	23	88	Semjase	88	185	
3278	Sem89	23	89	Semjase	89	185	
3279	Sem90	23	90	Semjase	90	185	
3280	Sem91	23	91	Semjase	91	185	
3281	Sem92	23	92	Semjase	92	185	
3282	Sem93	23	93	Semjase	93	185	
3283	Sem94	23	94	Semjase	94	185	
3284	Sem95	23	95	Semjase	95	185	
3285	Sem96	23	96	Semjase	96	186	
3286	Sem97	23	97	Semjase	97	186	
3287	Sem98	23	98	Semjase	98	186	
3288	Sem99	23	99	Semjase	99	186	
3289	Sem100	23	100	Semjase	100	186	
3290	Sem101	23	101	Semjase	101	186	
3291	Sem102	23	102	Semjase	102	186	
3292	Sem103	23	103	Semjase	103	186	
3293	Sem104	23	104	Semjase	104	186	
3294	Sem105	23	105	Semjase	105	186	
3295	Sem106	23	106	Semjase	106	186	
3296	Sem107	23	107	Semjase	107	186	
3297	Sem108	23	108	Semjase	108	186	
3298	Sem109	23	109	Semjase	109	186	
3299	Sem110	23	110	Semjase	110	186	
3300	Sem111	23	111	Semjase	111	187	
3301	Sem112	23	112	Semjase	112	187	
3302	Sem113	23	113	Semjase	113	187	
3303	Sem114	23	114	Semjase	114	187	
3304	Sem115	23	115	Semjase	115	187	
3305	Sem116	23	116	Semjase	116	187	
3306	Sem117	23	117	Semjase	117	187	
3307	Sem118	23	118	Semjase	118	187	
3308	Sem119	23	119	Semjase	119	187	
3309	Sem120	23	120	Semjase	120	187	
3310	Sem121	23	121	Semjase	121	187	
3311	Sem122	23	122	Semjase	122	187	
3312	Sem123	23	123	Semjase	123	187	
3313	Sem124	23	124	Semjase	124	187	
3314	Sem125	23	125	Semjase	125	187	
3315	Sem126	23	126	Semjase	126	188	
3316	Sem127	23	127	Semjase	127	188	
3317	Sem128	23	128	Semjase	128	188	
3318	Sem129	23	129	Semjase	129	188	
3319	Sem130	23	130	Semjase	130	188	
3320	Sem131	23	131	Semjase	131	188	
3321	Sem132	23	132	Semjase	132	188	
3322	Sem133	23	133	Semjase	133	188	
3323	Sem134	23	134	Semjase	134	188	
3324	Sem135	23	135	Semjase	135	188	
3325	Sem136	23	136	Semjase	136	188	
3326	Sem137	23	137	Semjase	137	188	
3327	Sem138	23	138	Semjase	138	188	
3328	Sem139	23	139	Semjase	139	188	
3329	Sem140	23	140	Semjase	140	189	
3330	Sem141	23	141	Semjase	141	189	
3331	Sem142	23	142	Semjase	142	189	
3332	Sem143	23	143	Semjase	143	189	
3333	Sem144	23	144	Semjase	144	189	
3334	Sem145	23	145	Semjase	145	189	
3335	Sem146	23	146	Semjase	146	189	
3336	Sem147	23	147	Semjase	147	189	
3337	Sem148	23	148	Semjase	148	189	
3338	Sem149	23	149	Semjase	149	189	
3339	Sem150	23	150	Semjase	150	189	
3340	Sem151	23	151	Semjase	151	189	
3341	Sem152	23	152	Semjase	152	189	
3342	Sem153	23	153	Semjase	153	189	
3343	Sem154	23	154	Semjase	154	189	
3344	Sem155	23	155	Semjase	155	189	
3345	Sem156	23	156	Semjase	156	189	
3346	Sem157	23	157	Semjase	157	189	
3347	Sem158	23	158	Semjase	158	189	
3348	Sem159	23	159	Semjase	159	189	
3349	Sem160	23	160	Semjase	160	189	
3350	Sem161	23	161	Semjase	161	189	
3351	Sem162	23	162	Semjase	162	189	
3352	Sem163	23	163	Semjase	163	189	
3353	Sem164	23	164	Semjase	164	190	
3354	Sem165	23	165	Semjase	165	190	
3355	Sem166	23	166	Semjase	166	190	
3356	Sem167	23	167	Semjase	167	190	
3357	Sem168	23	168	Semjase	168	190	
3358	Sem169	23	169	Semjase	169	190	
3359	Sem170	23	170	Semjase	170	190	
3360	Sem171	23	171	Semjase	171	190	
3361	Sem172	23	172	Semjase	172	190	
3362	Sem173	23	173	Semjase	173	190	
3363	Sem1	24	1	Semjase	1	191	
3364	Sem2	24	2	Semjase	2	191	
3365	Sem3	24	3	Semjase	3	191	
3366	Sem4	24	4	Semjase	4	191	
3367	Sem5	24	5	Semjase	5	191	
3368	Sem6	24	6	Semjase	6	191	
3369	Sem7	24	7	Semjase	7	191	
3370	Sem8	24	8	Semjase	8	191	
3371	Sem9	24	9	Semjase	9	191	
3372	Sem10	24	10	Semjase	10	191	
3373	Sem11	24	11	Semjase	11	191	
3374	Sem12	24	12	Semjase	12	191	
3375	Sem13	24	13	Semjase	13	191	
3376	Sem14	24	14	Semjase	14	191	
3377	Sem15	24	15	Semjase	15	191	
3378	Sem16	24	16	Semjase	16	191	
3379	Sem17	24	17	Semjase	17	191	
3380	Sem18	24	18	Semjase	18	191	
3381	Sem19	24	19	Semjase	19	191	
3382	Sem20	24	20	Semjase	20	191	
3383	Sem21	24	21	Semjase	21	191	
3384	Sem22	24	22	Semjase	22	192	
3385	Sem23	24	23	Semjase	23	192	
3386	Sem24	24	24	Semjase	24	192	
3387	Sem25	24	25	Semjase	25	192	
3388	Sem26	24	26	Semjase	26	192	
3389	Sem27	24	27	Semjase	27	192	
3390	Sem28	24	28	Semjase	28	192	
3391	Sem29	24	29	Semjase	29	192	
3392	Sem30	24	30	Semjase	30	192	
3393	Sem31	24	31	Semjase	31	192	
3394	Sem32	24	32	Semjase	32	192	
3395	Sem33	24	33	Semjase	33	192	
3396	Sem34	24	34	Semjase	34	192	
3397	Sem35	24	35	Semjase	35	192	
3398	Sem36	24	36	Semjase	36	192	
3399	Sem37	24	37	Semjase	37	192	
3400	Sem38	24	38	Semjase	38	192	
3401	Sem39	24	39	Semjase	39	192	
3402	Sem40	24	40	Semjase	40	192	
3403	Sem41	24	41	Semjase	41	192	
3404	Sem42	24	42	Semjase	42	192	
3405	Sem43	24	43	Semjase	43	192	
3406	Sem44	24	44	Semjase	44	192	
3407	Sem45	24	45	Semjase	45	192	
3408	Sem46	24	46	Semjase	46	193	
3409	Sem47	24	47	Semjase	47	193	
3410	Sem48	24	48	Semjase	48	193	
3411	Sem49	24	49	Semjase	49	193	
3412	Sem50	24	50	Semjase	50	193	
3413	Sem51	24	51	Semjase	51	193	
3414	Sem52	24	52	Semjase	52	193	
3415	Sem53	24	53	Semjase	53	193	
3416	Sem54	24	54	Semjase	54	193	
3417	Sem55	24	55	Semjase	55	193	
3418	Sem56	24	56	Semjase	56	193	
3419	Sem57	24	57	Semjase	57	193	
3420	Sem58	24	58	Semjase	58	193	
3421	Sem59	24	59	Semjase	59	193	
3422	Sem60	24	60	Semjase	60	193	
3423	Sem61	24	61	Semjase	61	193	
3424	Sem62	24	62	Semjase	62	193	
3425	Sem63	24	63	Semjase	63	193	
3426	Sem64	24	64	Semjase	64	193	
3427	Sem65	24	65	Semjase	65	193	
3428	Sem66	24	66	Semjase	66	193	
3429	Sem67	24	67	Semjase	67	193	
3430	Sem68	24	68	Semjase	68	193	
3431	Sem69	24	69	Semjase	69	193	
3432	Sem70	24	70	Semjase	70	193	
3433	Sem71	24	71	Semjase	71	193	
3434	Sem72	24	72	Semjase	72	194	
3435	Sem73	24	73	Semjase	73	194	
3436	Sem74	24	74	Semjase	74	194	
3437	Sem75	24	75	Semjase	75	194	
3438	Sem76	24	76	Semjase	76	194	
3439	Sem77	24	77	Semjase	77	194	
3440	Sem78	24	78	Semjase	78	194	
3441	Sem79	24	79	Semjase	79	194	
3442	Sem80	24	80	Semjase	80	194	
3443	Sem81	24	81	Semjase	81	194	
3444	Sem82	24	82	Semjase	82	194	
3445	Sem83	24	83	Semjase	83	194	
3446	Sem84	24	84	Semjase	84	194	
3447	Sem85	24	85	Semjase	85	194	
3448	Sem86	24	86	Semjase	86	194	
3449	Sem87	24	87	Semjase	87	194	
3450	Sem88	24	88	Semjase	88	194	
3451	Sem89	24	89	Semjase	89	194	
3452	Sem90	24	90	Semjase	90	194	
3453	Sem91	24	91	Semjase	91	194	
3454	Sem92	24	92	Semjase	92	195	
3455	Sem93	24	93	Semjase	93	195	
3456	Sem94	24	94	Semjase	94	195	
3457	Sem95	24	95	Semjase	95	195	
3458	Sem96	24	96	Semjase	96	195	
3459	Sem97	24	97	Semjase	97	195	
3460	Sem1	25	1	Semjase	1	195	
3461	Sem2	25	2	Semjase	2	195	
3462	Sem3	25	3	Semjase	3	195	
3463	Sem4	25	4	Semjase	4	195	
3464	Sem5	25	5	Semjase	5	195	
3465	Sem6	25	6	Semjase	6	195	
3466	Sem7	25	7	Semjase	7	195	
3467	Sem8	25	8	Semjase	8	196	
3468	Sem9	25	9	Semjase	9	196	
3469	Sem10	25	10	Semjase	10	196	
3470	Sem11	25	11	Semjase	11	196	
3471	Sem12	25	12	Semjase	12	196	
3472	Sem13	25	13	Semjase	13	196	
3473	Sem14	25	14	Semjase	14	196	
3474	Sem15	25	15	Semjase	15	196	
3475	Sem16	25	16	Semjase	16	196	
3476	Sem17	25	17	Semjase	17	196	
3477	Sem18	25	18	Semjase	18	196	
3478	Sem19	25	19	Semjase	19	196	
3479	Sem20	25	20	Semjase	20	196	
3480	Sem21	25	21	Semjase	21	196	
3481	Sem22	25	22	Semjase	22	196	
3482	Sem23	25	23	Semjase	23	196	
3483	Sem24	25	24	Semjase	24	196	
3484	Sem25	25	25	Semjase	25	196	
3485	Sem26	25	26	Semjase	26	196	
3486	Sem27	25	27	Semjase	27	197	
3487	Sem28	25	28	Semjase	28	197	
3488	Sem29	25	29	Semjase	29	197	
3489	Sem30	25	30	Semjase	30	197	
3490	Sem31	25	31	Semjase	31	197	
3491	Sem32	25	32	Semjase	32	197	
3492	Sem33	25	33	Semjase	33	197	
3493	Sem34	25	34	Semjase	34	197	
3494	Sem35	25	35	Semjase	35	197	
3495	Sem36	25	36	Semjase	36	197	
3496	Sem37	25	37	Semjase	37	197	
3497	Sem38	25	38	Semjase	38	197	
3498	Sem39	25	39	Semjase	39	197	
3499	Sem40	25	40	Semjase	40	197	
3500	Sem41	25	41	Semjase	41	197	
3501	Sem42	25	42	Semjase	42	197	
3502	Sem43	25	43	Semjase	43	197	
3503	Sem44	25	44	Semjase	44	197	
3504	Sem45	25	45	Semjase	45	197	
3505	Sem46	25	46	Semjase	46	197	
3506	Sem47	25	47	Semjase	47	197	
3507	Sem48	25	48	Semjase	48	197	
3508	Sem49	25	49	Semjase	49	197	
3509	Sem50	25	50	Semjase	50	197	
3510	Sem51	25	51	Semjase	51	197	
3511	Sem52	25	52	Semjase	52	197	
3512	Sem53	25	53	Semjase	53	197	
3513	Sem54	25	54	Semjase	54	198	
3514	Sem55	25	55	Semjase	55	198	
3515	Sem56	25	56	Semjase	56	198	
3516	Sem57	25	57	Semjase	57	198	
3517	Sem58	25	58	Semjase	58	198	
3518	Sem59	25	59	Semjase	59	198	
3519	Sem60	25	60	Semjase	60	198	
3520	Sem61	25	61	Semjase	61	198	
3521	Sem62	25	62	Semjase	62	198	
3522	Sem63	25	63	Semjase	63	198	
3523	Sem64	25	64	Semjase	64	198	
3524	Sem65	25	65	Semjase	65	198	
3525	Sem66	25	66	Semjase	66	198	
3526	Sem67	25	67	Semjase	67	198	
3527	Sem68	25	68	Semjase	68	198	
3528	Sem69	25	69	Semjase	69	198	
3529	Sem70	25	70	Semjase	70	198	
3530	Sem71	25	71	Semjase	71	198	
3531	Sem72	25	72	Semjase	72	198	
3532	Sem73	25	73	Semjase	73	198	
3533	Sem74	25	74	Semjase	74	198	
3534	Sem75	25	75	Semjase	75	198	
3535	Sem76	25	76	Semjase	76	198	
3536	Sem77	25	77	Semjase	77	199	
3537	Sem78	25	78	Semjase	78	199	
3538	Sem79	25	79	Semjase	79	199	
3539	Sem80	25	80	Semjase	80	199	
3540	Sem81	25	81	Semjase	81	199	
3541	Sem82	25	82	Semjase	82	199	
3542	Sem83	25	83	Semjase	83	199	
3543	Sem84	25	84	Semjase	84	199	
3544	Sem85	25	85	Semjase	85	199	
3545	Sem86	25	86	Semjase	86	199	
3546	Sem87	25	87	Semjase	87	199	
3547	Sem88	25	88	Semjase	88	199	
3548	Sem89	25	89	Semjase	89	199	
3549	Sem90	25	90	Semjase	90	199	
3550	Sem91	25	91	Semjase	91	199	
3551	Sem92	25	92	Semjase	92	199	
3552	Sem93	25	93	Semjase	93	199	
3553	Sem94	25	94	Semjase	94	199	
3554	Sem95	25	95	Semjase	95	199	
3555	Sem96	25	96	Semjase	96	199	
3556	Sem97	25	97	Semjase	97	199	
3557	Sem98	25	98	Semjase	98	199	
3558	Sem99	25	99	Semjase	99	199	
3559	Sem100	25	100	Semjase	100	199	
3560	Sem101	25	101	Semjase	101	199	
3561	Sem102	25	102	Semjase	102	199	
3562	Sem103	25	103	Semjase	103	199	
3563	Sem104	25	104	Semjase	104	200	
3564	Sem105	25	105	Semjase	105	200	
3565	Sem106	25	106	Semjase	106	200	
3566	Sem107	25	107	Semjase	107	200	
3567	Sem108	25	108	Semjase	108	200	
3568	Sem1	26	1	Semjase	1	200	
3569	Sem2	26	2	Semjase	2	200	
3570	Sem3	26	3	Semjase	3	200	
3571	Sem4	26	4	Semjase	4	200	
3572	Sem5	26	5	Semjase	5	200	
3573	Sem6	26	6	Semjase	6	200	
3574	Sem7	26	7	Semjase	7	200	
3575	Sem8	26	8	Semjase	8	200	
3576	Sem9	26	9	Semjase	9	200	
3577	Sem10	26	10	Semjase	10	200	
3578	Sem11	26	11	Semjase	11	200	
3579	Sem12	26	12	Semjase	12	201	
3580	Sem13	26	13	Semjase	13	201	
3581	Sem14	26	14	Semjase	14	201	
3582	Sem15	26	15	Semjase	15	201	
3583	Sem16	26	16	Semjase	16	201	
3584	Sem17	26	17	Semjase	17	201	
3585	Sem18	26	18	Semjase	18	201	
3586	Sem19	26	19	Semjase	19	201	
3587	Sem20	26	20	Semjase	20	201	
3588	Sem21	26	21	Semjase	21	201	
3589	Sem22	26	22	Semjase	22	201	
3590	Sem23	26	23	Semjase	23	201	
3591	Sem24	26	24	Semjase	24	201	
3592	Sem25	26	25	Semjase	25	201	
3593	Sem26	26	26	Semjase	26	201	
3594	Sem27	26	27	Semjase	27	202	
3595	Sem28	26	28	Semjase	28	202	
3596	Sem29	26	29	Semjase	29	202	
3597	Sem30	26	30	Semjase	30	202	
3598	Sem31	26	31	Semjase	31	202	
3599	Sem32	26	32	Semjase	32	202	
3600	Sem33	26	33	Semjase	33	202	
3601	Sem34	26	34	Semjase	34	202	
3602	Sem35	26	35	Semjase	35	202	
3603	Sem36	26	36	Semjase	36	202	
3604	Sem37	26	37	Semjase	37	202	
3605	Sem38	26	38	Semjase	38	203	
3606	Sem39	26	39	Semjase	39	203	
3607	Sem40	26	40	Semjase	40	203	
3608	Sem41	26	41	Semjase	41	203	
3609	Sem42	26	42	Semjase	42	203	
3610	Sem43	26	43	Semjase	43	203	
3611	Sem44	26	44	Semjase	44	203	
3612	Sem45	26	45	Semjase	45	203	
3613	Sem46	26	46	Semjase	46	203	
3614	Sem47	26	47	Semjase	47	203	
3615	Sem48	26	48	Semjase	48	203	
3616	Sem49	26	49	Semjase	49	203	
3617	Sem50	26	50	Semjase	50	203	
3618	Sem51	26	51	Semjase	51	203	
3619	Sem52	26	52	Semjase	52	203	
3620	Sem53	26	53	Semjase	53	203	
3621	Sem54	26	54	Semjase	54	203	
3622	Sem55	26	55	Semjase	55	203	
3623	Sem56	26	56	Semjase	56	203	
3624	Sem57	26	57	Semjase	57	203	
3625	Sem58	26	58	Semjase	58	203	
3626	Sem59	26	59	Semjase	59	203	
3627	Sem60	26	60	Semjase	60	204	
3628	Sem61	26	61	Semjase	61	204	
3629	Sem62	26	62	Semjase	62	204	
3630	Sem63	26	63	Semjase	63	204	
3631	Sem64	26	64	Semjase	64	204	
3632	Sem65	26	65	Semjase	65	204	
3633	Sem66	26	66	Semjase	66	204	
3634	Sem67	26	67	Semjase	67	204	
3635	Sem68	26	68	Semjase	68	204	
3636	Sem69	26	69	Semjase	69	204	
3637	Sem70	26	70	Semjase	70	204	
3638	Sem71	26	71	Semjase	71	204	
3639	Sem72	26	72	Semjase	72	204	
3640	Sem73	26	73	Semjase	73	204	
3641	Sem1	27	1	Semjase	1	204	
3642	Sem2	27	2	Semjase	2	205	
3643	Sem3	27	3	Semjase	3	205	
3644	Sem4	27	4	Semjase	4	205	
3645	Sem5	27	5	Semjase	5	205	
3646	Sem6	27	6	Semjase	6	205	
3647	Sem7	27	7	Semjase	7	205	
3648	Sem8	27	8	Semjase	8	205	
3649	Sem9	27	9	Semjase	9	205	
3650	Sem10	27	10	Semjase	10	205	
3651	Sem11	27	11	Semjase	11	205	
3652	Sem12	27	12	Semjase	12	205	
3653	Sem13	27	13	Semjase	13	205	
3654	Sem14	27	14	Semjase	14	205	
3655	Sem15	27	15	Semjase	15	205	
3656	Sem16	27	16	Semjase	16	205	
3657	Sem17	27	17	Semjase	17	205	
3658	Sem18	27	18	Semjase	18	206	
3659	Sem19	27	19	Semjase	19	206	
3660	Sem20	27	20	Semjase	20	206	
3661	Sem21	27	21	Semjase	21	206	
3662	Sem22	27	22	Semjase	22	206	
3663	Sem23	27	23	Semjase	23	206	
3664	Sem24	27	24	Semjase	24	206	
3665	Sem25	27	25	Semjase	25	206	
3666	Sem26	27	26	Semjase	26	206	
3667	Sem27	27	27	Semjase	27	206	
3668	Sem28	27	28	Semjase	28	206	
3669	Sem29	27	29	Semjase	29	206	
3670	Sem30	27	30	Semjase	30	206	
3671	Sem31	27	31	Semjase	31	206	
3672	Sem32	27	32	Semjase	32	206	
3673	Sem33	27	33	Semjase	33	206	
3674	Sem34	27	34	Semjase	34	206	
3675	Sem35	27	35	Semjase	35	206	
3676	Sem36	27	36	Semjase	36	206	
3677	Sem37	27	37	Semjase	37	206	
3678	Sem38	27	38	Semjase	38	206	
3679	Sem39	27	39	Semjase	39	206	
3680	Sem40	27	40	Semjase	40	207	
3681	Sem41	27	41	Semjase	41	207	
3682	Sem42	27	42	Semjase	42	207	
3683	Sem43	27	43	Semjase	43	207	
3684	Sem44	27	44	Semjase	44	207	
3685	Sem45	27	45	Semjase	45	207	
3686	Sem46	27	46	Semjase	46	207	
3687	Sem47	27	47	Semjase	47	207	
3688	Sem48	27	48	Semjase	48	207	
3689	Sem1	28	1	Semjase	1	208	
3690	Sem2	28	2	Semjase	2	208	
3691	Sem3	28	3	Semjase	3	208	
3692	Sem4	28	4	Semjase	4	208	
3693	Sem5	28	5	Semjase	5	208	
3694	Sem6	28	6	Semjase	6	209	
3695	Sem7	28	7	Semjase	7	209	
3696	Sem8	28	8	Semjase	8	209	
3697	Que1	28	9	Quetzal	1	209	
3698	Que2	28	10	Quetzal	2	209	
3699	Que3	28	11	Quetzal	3	209	
3700	Que4	28	12	Quetzal	4	209	
3701	Que5	28	13	Quetzal	5	209	
3702	Que6	28	14	Quetzal	6	209	
3703	Que7	28	15	Quetzal	7	209	
3704	Que8	28	16	Quetzal	8	209	
3705	Que9	28	17	Quetzal	9	209	
3706	Que10	28	18	Quetzal	10	209	
3707	Que11	28	19	Quetzal	11	209	
3708	Que12	28	20	Quetzal	12	209	
3709	Que13	28	21	Quetzal	13	209	
3710	Que14	28	22	Quetzal	14	209	
3711	Que15	28	23	Quetzal	15	209	
3712	Que16	28	24	Quetzal	16	209	
3713	Que17	28	25	Quetzal	17	209	
3714	Que18	28	26	Quetzal	18	209	
3715	Que19	28	27	Quetzal	19	209	
3716	Que20	28	28	Quetzal	20	209	
3717	Que21	28	29	Quetzal	21	209	
3718	Que22	28	30	Quetzal	22	210	
3719	Que23	28	31	Quetzal	23	210	
3720	Que24	28	32	Quetzal	24	210	
3721	Que25	28	33	Quetzal	25	210	
3722	Que26	28	34	Quetzal	26	210	
3723	Que27	28	35	Quetzal	27	210	
3724	Que28	28	36	Quetzal	28	210	
3725	Que29	28	37	Quetzal	29	210	
3726	Que30	28	38	Quetzal	30	210	
3727	Que31	28	39	Quetzal	31	210	
3728	Que32	28	40	Quetzal	32	210	
3729	Que33	28	41	Quetzal	33	210	
3730	Que34	28	42	Quetzal	34	210	
3731	Que35	28	43	Quetzal	35	210	
3732	Que36	28	44	Quetzal	36	210	
3733	Que37	28	45	Quetzal	37	210	
3734	Que38	28	46	Quetzal	38	210	
3735	Que39	28	47	Quetzal	39	210	
3736	Que40	28	48	Quetzal	40	210	
3737	Que41	28	49	Quetzal	41	210	
3738	Que42	28	50	Quetzal	42	210	
3739	Que43	28	51	Quetzal	43	210	
3740	Que44	28	52	Quetzal	44	210	
3741	Que45	28	53	Quetzal	45	210	
3742	Que46	28	54	Quetzal	46	210	
3743	Que47	28	55	Quetzal	47	210	
3744	Que48	28	56	Quetzal	48	210	
3745	Que49	28	57	Quetzal	49	210	
3746	Que50	28	58	Quetzal	50	210	
3747	Que51	28	59	Quetzal	51	211	
3748	Que52	28	60	Quetzal	52	211	
3749	Que53	28	61	Quetzal	53	211	
3750	Que54	28	62	Quetzal	54	211	
3751	Que55	28	63	Quetzal	55	211	
3752	Que56	28	64	Quetzal	56	211	
3753	Que57	28	65	Quetzal	57	211	
3754	Que58	28	66	Quetzal	58	211	
3755	Que59	28	67	Quetzal	59	211	
3756	Que60	28	68	Quetzal	60	211	
3757	Que61	28	69	Quetzal	61	211	
3758	Que62	28	70	Quetzal	62	211	
3759	Que63	28	71	Quetzal	63	211	
3760	Que64	28	72	Quetzal	64	211	
3761	Que65	28	73	Quetzal	65	211	
3762	Que66	28	74	Quetzal	66	211	
3763	Que67	28	75	Quetzal	67	211	
3764	Que68	28	76	Quetzal	68	211	
3765	Que69	28	77	Quetzal	69	211	
3766	Que70	28	78	Quetzal	70	211	
3767	Que71	28	79	Quetzal	71	211	
3768	Que72	28	80	Quetzal	72	211	
3769	Que73	28	81	Quetzal	73	211	
3770	Que74	28	82	Quetzal	74	211	
3771	Que75	28	83	Quetzal	75	211	
3772	Que76	28	84	Quetzal	76	211	
3773	Que77	28	85	Quetzal	77	211	
3774	Que78	28	86	Quetzal	78	211	
3775	Sem1	29	1	Semjase	1	212	
3776	Sem2	29	2	Semjase	2	212	
3777	Sem3	29	3	Semjase	3	212	
3778	Sem4	29	4	Semjase	4	212	
3779	Sem5	29	5	Semjase	5	212	
3780	Sem6	29	6	Semjase	6	212	
3781	Sem7	29	7	Semjase	7	212	
3782	Sem8	29	8	Semjase	8	212	
3783	Sem9	29	9	Semjase	9	212	
3784	Sem10	29	10	Semjase	10	212	
3785	Sem11	29	11	Semjase	11	212	
3786	Sem12	29	12	Semjase	12	212	
3787	Sem13	29	13	Semjase	13	212	
3788	Sem14	29	14	Semjase	14	212	
3789	Sem15	29	15	Semjase	15	213	
3790	Sem16	29	16	Semjase	16	213	
3791	Sem17	29	17	Semjase	17	213	
3792	Sem18	29	18	Semjase	18	213	
3793	Sem19	29	19	Semjase	19	213	
3794	Sem20	29	20	Semjase	20	213	
3795	Sem21	29	21	Semjase	21	213	
3796	Sem22	29	22	Semjase	22	213	
3797	Sem23	29	23	Semjase	23	213	
3798	Sem24	29	24	Semjase	24	213	
3799	Sem25	29	25	Semjase	25	213	
3800	Sem26	29	26	Semjase	26	213	
3801	Sem27	29	27	Semjase	27	213	
3802	Sem28	29	28	Semjase	28	213	
3803	Sem29	29	29	Semjase	29	213	
3804	Sem30	29	30	Semjase	30	213	
3805	Sem31	29	31	Semjase	31	213	
3806	Sem32	29	32	Semjase	32	213	
3807	Sem33	29	33	Semjase	33	213	
3808	Sem34	29	34	Semjase	34	220	
3809	Sem35	29	35	Semjase	35	220	
3810	Sem36	29	36	Semjase	36	220	
3811	Sem37	29	37	Semjase	37	220	
3812	Sem38	29	38	Semjase	38	220	
3813	Sem39	29	39	Semjase	39	220	
3814	Sem40	29	40	Semjase	40	220	
3815	Sem41	29	41	Semjase	41	220	
3816	Sem42	29	42	Semjase	42	220	
3817	Sem43	29	43	Semjase	43	220	
3818	Sem44	29	44	Semjase	44	220	
3819	Sem45	29	45	Semjase	45	220	
3820	Sem46	29	46	Semjase	46	220	
3821	Sem47	29	47	Semjase	47	220	
3822	Sem48	29	48	Semjase	48	220	
3823	Sem49	29	49	Semjase	49	220	
3824	Sem50	29	50	Semjase	50	220	
3825	Sem51	29	51	Semjase	51	220	
3826	Sem52	29	52	Semjase	52	220	
3827	Sem53	29	53	Semjase	53	220	
3828	Sem54	29	54	Semjase	54	220	
3829	Sem55	29	55	Semjase	55	220	
3830	Sem56	29	56	Semjase	56	220	
3831	Sem57	29	57	Semjase	57	221	
3832	Sem58	29	58	Semjase	58	221	
3833	Sem59	29	59	Semjase	59	221	
3834	Sem60	29	60	Semjase	60	221	
3835	Sem61	29	61	Semjase	61	221	
3836	Sem62	29	62	Semjase	62	221	
3837	Sem63	29	63	Semjase	63	221	
3838	Sem64	29	64	Semjase	64	221	
3839	Sem65	29	65	Semjase	65	221	
3840	Sem66	29	66	Semjase	66	221	
3841	Sem67	29	67	Semjase	67	221	
3842	Sem68	29	68	Semjase	68	221	
3843	Sem69	29	69	Semjase	69	221	
3844	Sem70	29	70	Semjase	70	221	
3845	Sem71	29	71	Semjase	71	221	
3846	Sem72	29	72	Semjase	72	221	
3847	Sem73	29	73	Semjase	73	221	
3848	Sem74	29	74	Semjase	74	221	
3849	Sem75	29	75	Semjase	75	221	
3850	Sem76	29	76	Semjase	76	221	
3851	Sem77	29	77	Semjase	77	221	
3852	Sem78	29	78	Semjase	78	221	
3853	Sem79	29	79	Semjase	79	221	
3854	Sem80	29	80	Semjase	80	221	
3855	Sem81	29	81	Semjase	81	221	
3856	Sem82	29	82	Semjase	82	221	
3857	Sem83	29	83	Semjase	83	222	
3858	Sem84	29	84	Semjase	84	222	
3859	Sem85	29	85	Semjase	85	222	
3860	Sem86	29	86	Semjase	86	222	
3861	Sem87	29	87	Semjase	87	222	
3862	Sem88	29	88	Semjase	88	222	
3863	Sem89	29	89	Semjase	89	222	
3864	Sem90	29	90	Semjase	90	222	
3865	Sem91	29	91	Semjase	91	222	
3866	Sem92	29	92	Semjase	92	222	
3867	Sem93	29	93	Semjase	93	222	
3868	Sem94	29	94	Semjase	94	222	
3869	Sem95	29	95	Semjase	95	222	
3870	Sem96	29	96	Semjase	96	222	
3871	Sem97	29	97	Semjase	97	222	
3872	Sem98	29	98	Semjase	98	222	
3873	Sem99	29	99	Semjase	99	222	
3874	Sem100	29	100	Semjase	100	222	
3875	Sem101	29	101	Semjase	101	222	
3876	Sem102	29	102	Semjase	102	222	
3877	Sem103	29	103	Semjase	103	222	
3878	Sem104	29	104	Semjase	104	222	
3879	Sem105	29	105	Semjase	105	222	
3880	Sem106	29	106	Semjase	106	222	
3881	Sem107	29	107	Semjase	107	222	
3882	Sem108	29	108	Semjase	108	223	
3883	Sem109	29	109	Semjase	109	223	
3884	Sem110	29	110	Semjase	110	223	
3885	Sem111	29	111	Semjase	111	223	
3886	Sem112	29	112	Semjase	112	223	
3887	Sem113	29	113	Semjase	113	223	
3888	Sem114	29	114	Semjase	114	223	
3889	Sem115	29	115	Semjase	115	223	
3890	Sem116	29	116	Semjase	116	223	
3891	Sem117	29	117	Semjase	117	223	
3892	Sem118	29	118	Semjase	118	223	
3893	Sem119	29	119	Semjase	119	223	
3894	Sem120	29	120	Semjase	120	223	
3895	Sem121	29	121	Semjase	121	223	
3896	Sem122	29	122	Semjase	122	223	
3897	Sem123	29	123	Semjase	123	223	
3898	Sem124	29	124	Semjase	124	223	
3899	Sem125	29	125	Semjase	125	223	
3900	Sem126	29	126	Semjase	126	223	
3901	Sem127	29	127	Semjase	127	223	
3902	Sem128	29	128	Semjase	128	223	
3903	Sem129	29	129	Semjase	129	224	
3904	Sem130	29	130	Semjase	130	224	
3905	Sem131	29	131	Semjase	131	224	
3906	Sem132	29	132	Semjase	132	224	
3907	Sem133	29	133	Semjase	133	224	
3908	Sem134	29	134	Semjase	134	224	
3909	Sem135	29	135	Semjase	135	224	
3910	Sem136	29	136	Semjase	136	224	
3911	Sem137	29	137	Semjase	137	224	
3912	Sem138	29	138	Semjase	138	224	
3913	Sem139	29	139	Semjase	139	224	
3914	Sem140	29	140	Semjase	140	224	
3915	Sem141	29	141	Semjase	141	224	
3916	Sem142	29	142	Semjase	142	224	
3917	Sem143	29	143	Semjase	143	224	
3918	Sem144	29	144	Semjase	144	224	
3919	Sem145	29	145	Semjase	145	224	
3920	Sem146	29	146	Semjase	146	224	
3921	Sem147	29	147	Semjase	147	224	
3922	Sem148	29	148	Semjase	148	225	
3923	Sem149	29	149	Semjase	149	225	
3924	Sem150	29	150	Semjase	150	225	
3925	Sem151	29	151	Semjase	151	225	
3926	Sem152	29	152	Semjase	152	225	
3927	Sem153	29	153	Semjase	153	225	
3928	Sem154	29	154	Semjase	154	225	
3929	Sem155	29	155	Semjase	155	225	
3930	Sem156	29	156	Semjase	156	225	
3931	Sem157	29	157	Semjase	157	225	
3932	Sem158	29	158	Semjase	158	225	
3933	Sem159	29	159	Semjase	159	225	
3934	Sem160	29	160	Semjase	160	225	
3935	Sem161	29	161	Semjase	161	225	
3936	Sem162	29	162	Semjase	162	225	
3937	Sem163	29	163	Semjase	163	225	
3938	Sem164	29	164	Semjase	164	226	
3939	Sem165	29	165	Semjase	165	226	
3940	Sem166	29	166	Semjase	166	226	
3941	Sem1	30	1	Semjase	1	226	
3942	Sem2	30	2	Semjase	2	226	
3943	Sem3	30	3	Semjase	3	226	
3944	Sem4	30	4	Semjase	4	226	
3945	Sem5	30	5	Semjase	5	226	
3946	Sem6	30	6	Semjase	6	226	
3947	Sem7	30	7	Semjase	7	226	
3948	Sem8	30	8	Semjase	8	226	
3949	Sem9	30	9	Semjase	9	226	
3950	Sem10	30	10	Semjase	10	226	
3951	Sem11	30	11	Semjase	11	226	
3952	Sem12	30	12	Semjase	12	226	
3953	Sem13	30	13	Semjase	13	226	
3954	Sem14	30	14	Semjase	14	226	
3955	Sem15	30	15	Semjase	15	226	
3956	Sem16	30	16	Semjase	16	226	
3957	Sem17	30	17	Semjase	17	226	
3958	Sem18	30	18	Semjase	18	226	
3959	Sem19	30	19	Semjase	19	226	
3960	Sem20	30	20	Semjase	20	227	
3961	Sem21	30	21	Semjase	21	227	
3962	Sem22	30	22	Semjase	22	227	
3963	Sem23	30	23	Semjase	23	227	
3964	Sem24	30	24	Semjase	24	227	
3965	Sem25	30	25	Semjase	25	227	
3966	Sem26	30	26	Semjase	26	227	
3967	Sem27	30	27	Semjase	27	227	
3968	Sem28	30	28	Semjase	28	227	
3969	Sem29	30	29	Semjase	29	227	
3970	Sem30	30	30	Semjase	30	227	
3971	Sem31	30	31	Semjase	31	227	
3972	Sem32	30	32	Semjase	32	227	
3973	Sem33	30	33	Semjase	33	227	
3974	Sem34	30	34	Semjase	34	227	
3975	Sem35	30	35	Semjase	35	227	
3976	Sem36	30	36	Semjase	36	227	
3977	Sem37	30	37	Semjase	37	227	
3978	Sem38	30	38	Semjase	38	227	
3979	Sem39	30	39	Semjase	39	228	
3980	Sem40	30	40	Semjase	40	228	
3981	Sem41	30	41	Semjase	41	228	
3982	Sem1	31	1	Semjase	1	228	
3983	Sem2	31	2	Semjase	2	228	
3984	Sem3	31	3	Semjase	3	228	
3985	Sem4	31	4	Semjase	4	228	
3986	Sem5	31	5	Semjase	5	228	
3987	Sem6	31	6	Semjase	6	228	
3988	Sem7	31	7	Semjase	7	228	
3989	Sem8	31	8	Semjase	8	228	
3990	Sem9	31	9	Semjase	9	229	
3991	Sem10	31	10	Semjase	10	229	
3992	Sem11	31	11	Semjase	11	229	
3993	Sem12	31	12	Semjase	12	229	
3994	Sem13	31	13	Semjase	13	229	
3995	Sem14	31	14	Semjase	14	229	
3996	Sem15	31	15	Semjase	15	229	
3997	Sem16	31	16	Semjase	16	229	
3998	Sem17	31	17	Semjase	17	229	
3999	Sem18	31	18	Semjase	18	229	
4000	Sem19	31	19	Semjase	19	229	
4001	Sem20	31	20	Semjase	20	229	
4002	Sem21	31	21	Semjase	21	229	
4003	Sem22	31	22	Semjase	22	229	
4004	Sem23	31	23	Semjase	23	229	
4005	Sem24	31	24	Semjase	24	229	
4006	Sem25	31	25	Semjase	25	229	
4007	Sem26	31	26	Semjase	26	230	
4008	Sem27	31	27	Semjase	27	230	
4009	Sem28	31	28	Semjase	28	230	
4010	Sem29	31	29	Semjase	29	230	
4011	Sem30	31	30	Semjase	30	230	
4012	Sem31	31	31	Semjase	31	230	
4013	Sem32	31	32	Semjase	32	230	
4014	Sem33	31	33	Semjase	33	230	
4015	Sem34	31	34	Semjase	34	230	
4016	Sem35	31	35	Semjase	35	230	
4017	Sem36	31	36	Semjase	36	230	
4018	Sem37	31	37	Semjase	37	230	
4019	Sem38	31	38	Semjase	38	230	
4020	Sem39	31	39	Semjase	39	231	
4021	Sem40	31	40	Semjase	40	231	
4022	Sem41	31	41	Semjase	41	231	
4023	Sem42	31	42	Semjase	42	231	
4024	Sem43	31	43	Semjase	43	231	
4025	Sem44	31	44	Semjase	44	232	
4026	Sem45	31	45	Semjase	45	232	
4027	Sem46	31	46	Semjase	46	232	
4028	Sem47	31	47	Semjase	47	232	
4029	Sem48	31	48	Semjase	48	232	
4030	Sem49	31	49	Semjase	49	232	
4031	Sem50	31	50	Semjase	50	233	
4032	Sem51	31	51	Semjase	51	233	
4033	Sem52	31	52	Semjase	52	233	
4034	Sem53	31	53	Semjase	53	233	
4035	Sem54	31	54	Semjase	54	233	
4036	Sem55	31	55	Semjase	55	233	
4037	Sem56	31	56	Semjase	56	233	
4038	Sem57	31	57	Semjase	57	233	
4039	Sem58	31	58	Semjase	58	233	
4040	Sem59	31	59	Semjase	59	233	
4041	Sem60	31	60	Semjase	60	233	
4042	Sem61	31	61	Semjase	61	233	
4043	Sem62	31	62	Semjase	62	233	
4044	Sem63	31	63	Semjase	63	234	
4045	Sem64	31	64	Semjase	64	234	
4046	Sem65	31	65	Semjase	65	234	
4047	Sem66	31	66	Semjase	66	234	
4048	Sem67	31	67	Semjase	67	234	
4049	Sem68	31	68	Semjase	68	234	
4050	Sem69	31	69	Semjase	69	235	
4051	Sem70	31	70	Semjase	70	235	
4052	Sem71	31	71	Semjase	71	235	
4053	Sem72	31	72	Semjase	72	235	
4054	Sem73	31	73	Semjase	73	235	
4055	Sem74	31	74	Semjase	74	236	
4056	Sem75	31	75	Semjase	75	236	
4057	Sem76	31	76	Semjase	76	236	
4058	Sem77	31	77	Semjase	77	236	
4059	Sem78	31	78	Semjase	78	236	
4060	Sem79	31	79	Semjase	79	236	
4061	Sem80	31	80	Semjase	80	236	
4062	Sem81	31	81	Semjase	81	236	
4063	Sem82	31	82	Semjase	82	236	
4064	Sem83	31	83	Semjase	83	236	
4065	Sem84	31	84	Semjase	84	236	
4066	Sem85	31	85	Semjase	85	236	
4067	Sem86	31	86	Semjase	86	237	
4068	Sem87	31	87	Semjase	87	237	
4069	Sem88	31	88	Semjase	88	237	
4070	Sem89	31	89	Semjase	89	237	
4071	Sem90	31	90	Semjase	90	237	
4072	Sem91	31	91	Semjase	91	237	
4073	Sem92	31	92	Semjase	92	237	
4074	Sem93	31	93	Semjase	93	237	
4075	Sem94	31	94	Semjase	94	237	
4076	Sem95	31	95	Semjase	95	237	
4077	Sem96	31	96	Semjase	96	237	
4078	Sem97	31	97	Semjase	97	237	
4079	Sem98	31	98	Semjase	98	237	
4080	Sem99	31	99	Semjase	99	237	
4081	Sem100	31	100	Semjase	100	240	
4082	Sem101	31	101	Semjase	101	240	
4083	Sem102	31	102	Semjase	102	240	
4084	Sem103	31	103	Semjase	103	240	
4085	Sem104	31	104	Semjase	104	240	
4086	Sem105	31	105	Semjase	105	240	
4087	Sem106	31	106	Semjase	106	240	
4088	Sem107	31	107	Semjase	107	240	
4089	Sem108	31	108	Semjase	108	240	
4090	Sem109	31	109	Semjase	109	240	
4091	Sem110	31	110	Semjase	110	240	
4092	Sem111	31	111	Semjase	111	240	
4093	Sem112	31	112	Semjase	112	240	
4094	Sem113	31	113	Semjase	113	240	
4095	Sem114	31	114	Semjase	114	240	
4096	Sem115	31	115	Semjase	115	240	
4097	Sem116	31	116	Semjase	116	241	
4098	Sem117	31	117	Semjase	117	241	
4099	Sem118	31	118	Semjase	118	241	
4100	Sem119	31	119	Semjase	119	241	
4101	Sem120	31	120	Semjase	120	241	
4102	Sem121	31	121	Semjase	121	241	
4103	Sem122	31	122	Semjase	122	241	
4104	Sem123	31	123	Semjase	123	241	
4105	Sem124	31	124	Semjase	124	241	
4106	Sem125	31	125	Semjase	125	242	
4107	Sem126	31	126	Semjase	126	242	
4108	Sem127	31	127	Semjase	127	242	
4109	Sem128	31	128	Semjase	128	242	
4110	Sem129	31	129	Semjase	129	242	
4111	Sem130	31	130	Semjase	130	242	
4112	Sem131	31	131	Semjase	131	242	
4113	Sem132	31	132	Semjase	132	242	
4114	Sem133	31	133	Semjase	133	242	
4115	Sem134	31	134	Semjase	134	242	
4116	Sem135	31	135	Semjase	135	242	
4117	Sem136	31	136	Semjase	136	242	
4118	Sem137	31	137	Semjase	137	242	
4119	Sem138	31	138	Semjase	138	242	
4120	Sem139	31	139	Semjase	139	242	
4121	Sem140	31	140	Semjase	140	242	
4122	Sem141	31	141	Semjase	141	242	
4123	Sem142	31	142	Semjase	142	243	
4124	Sem143	31	143	Semjase	143	243	
4125	Sem144	31	144	Semjase	144	243	
4126	Sem145	31	145	Semjase	145	243	
4127	Sem146	31	146	Semjase	146	243	
4128	Sem147	31	147	Semjase	147	243	
4129	Sem148	31	148	Semjase	148	243	
4130	Sem149	31	149	Semjase	149	243	
4131	Sem150	31	150	Semjase	150	243	
4132	Sem151	31	151	Semjase	151	243	
4133	Sem152	31	152	Semjase	152	244	
4134	Sem153	31	153	Semjase	153	244	
4135	Sem154	31	154	Semjase	154	244	
4136	Sem155	31	155	Semjase	155	244	
4137	Sem156	31	156	Semjase	156	244	
4138	Sem157	31	157	Semjase	157	244	
4139	Sem158	31	158	Semjase	158	244	
4140	Sem159	31	159	Semjase	159	244	
4141	Sem160	31	160	Semjase	160	244	
4142	Sem161	31	161	Semjase	161	244	
4143	Sem162	31	162	Semjase	162	245	
4144	Sem163	31	163	Semjase	163	245	
4145	Pta1	31	164	Ptaah	1	245	
4146	Pta2	31	165	Ptaah	2	245	
4147	Pta3	31	166	Ptaah	3	245	
4148	Pta4	31	167	Ptaah	4	246	
4149	Pta5	31	168	Ptaah	5	246	
4150	Pta6	31	169	Ptaah	6	246	
4151	Pta7	31	170	Ptaah	7	246	
4152	Pta8	31	171	Ptaah	8	246	
4153	Pta9	31	172	Ptaah	9	246	
4154	Pta10	31	173	Ptaah	10	246	
4155	Sem164	31	174	Semjase	164	246	
4156	Sem165	31	175	Semjase	165	246	
4157	Sem166	31	176	Semjase	166	246	
4158	Sem167	31	177	Semjase	167	246	
4159	Sem168	31	178	Semjase	168	246	
4160	Pta11	31	179	Ptaah	11	246	
4161	Pta12	31	180	Ptaah	12	246	
4162	Pta13	31	181	Ptaah	13	246	
4163	Pta14	31	182	Ptaah	14	246	
4164	Pta15	31	183	Ptaah	15	246	
4165	Pta16	31	184	Ptaah	16	246	
4166	Pta17	31	185	Ptaah	17	246	
4167	Pta18	31	186	Ptaah	18	247	
4168	Sem169	31	187	Semjase	169	247	
4169	Sem170	31	188	Semjase	170	247	
4170	Sem171	31	189	Semjase	171	247	
4171	Sem172	31	190	Semjase	172	247	
4172	Sem173	31	191	Semjase	173	247	
4173	Sem174	31	192	Semjase	174	247	
4174	Sem175	31	193	Semjase	175	247	
4175	Pta19	31	194	Ptaah	19	247	
4176	Pta20	31	195	Ptaah	20	247	
4177	Pta21	31	196	Ptaah	21	247	
4178	Pta22	31	197	Ptaah	22	247	
4179	Pta23	31	198	Ptaah	23	247	
4180	Pta24	31	199	Ptaah	24	247	
4181	Pta25	31	200	Ptaah	25	247	
4182	Pta26	31	201	Ptaah	26	248	
4183	Pta27	31	202	Ptaah	27	248	
4184	Pta28	31	203	Ptaah	28	248	
4185	Pta29	31	204	Ptaah	29	248	
4186	Sem176	31	205	Semjase	176	248	
4187	Sem177	31	206	Semjase	177	248	
4188	Sem178	31	207	Semjase	178	248	
4189	Sem179	31	208	Semjase	179	248	
4190	Pta30	31	209	Ptaah	30	248	
4191	Pta31	31	210	Ptaah	31	248	
4192	Pta32	31	211	Ptaah	32	248	
4193	Pta33	31	212	Ptaah	33	248	
4194	Pta34	31	213	Ptaah	34	248	
4195	Pta35	31	214	Ptaah	35	248	
4196	Sem180	31	215	Semjase	180	248	
4197	Pta36	31	216	Ptaah	36	249	
4198	Pta37	31	217	Ptaah	37	249	
4199	Pta38	31	218	Ptaah	38	249	
4200	Pta39	31	219	Ptaah	39	249	
4201	Sem181	31	220	Semjase	181	249	
4202	Sem182	31	221	Semjase	182	249	
4203	Pta40	31	222	Ptaah	40	249	
4204	Pta41	31	223	Ptaah	41	249	
4205	Pta42	31	224	Ptaah	42	249	
4206	Pta43	31	225	Ptaah	43	249	
4207	Pta44	31	226	Ptaah	44	250	
4208	Pta45	31	227	Ptaah	45	250	
4209	Pta46	31	228	Ptaah	46	250	
4210	Pta47	31	229	Ptaah	47	250	
4211	Pta48	31	230	Ptaah	48	250	
4212	Pta49	31	231	Ptaah	49	250	
4213	Pta50	31	232	Ptaah	50	250	
4214	Pta51	31	233	Ptaah	51	250	
4215	Pta52	31	234	Ptaah	52	250	
4216	Pta53	31	235	Ptaah	53	250	
4217	Pta54	31	236	Ptaah	54	250	
4218	Pta55	31	237	Ptaah	55	250	
4219	Pta56	31	238	Ptaah	56	250	
4220	Pta57	31	239	Ptaah	57	250	
4221	Pta58	31	240	Ptaah	58	250	
4222	Pta59	31	241	Ptaah	59	250	
4223	Pta60	31	242	Ptaah	60	250	
4224	Pta61	31	243	Ptaah	61	250	
4225	Pta62	31	244	Ptaah	62	250	
4226	Pta63	31	245	Ptaah	63	250	
4227	Pta64	31	246	Ptaah	64	250	
4228	Pta65	31	247	Ptaah	65	250	
4229	Pta66	31	248	Ptaah	66	250	
4230	Pta67	31	249	Ptaah	67	250	
4231	Pta68	31	250	Ptaah	68	250	
4232	Pta69	31	251	Ptaah	69	250	
4233	Pta70	31	252	Ptaah	70	251	
4234	Pta71	31	253	Ptaah	71	251	
4235	Pta72	31	254	Ptaah	72	251	
4236	Pta73	31	255	Ptaah	73	251	
4237	Pta74	31	256	Ptaah	74	251	
4238	Pta75	31	257	Ptaah	75	251	
4239	Pta76	31	258	Ptaah	76	251	
4240	Pta77	31	259	Ptaah	77	251	
4241	Pta78	31	260	Ptaah	78	251	
4242	Pta79	31	261	Ptaah	79	251	
4243	Pta80	31	262	Ptaah	80	251	
4244	Pta81	31	263	Ptaah	81	251	
4245	Pta82	31	264	Ptaah	82	251	
4246	Pta83	31	265	Ptaah	83	251	
4247	Pta84	31	266	Ptaah	84	251	
4248	Pta85	31	267	Ptaah	85	251	
4249	Pta86	31	268	Ptaah	86	251	
4250	Pta87	31	269	Ptaah	87	251	
4251	Pta88	31	270	Ptaah	88	251	
4252	Pta89	31	271	Ptaah	89	251	
4253	Pta90	31	272	Ptaah	90	251	
4254	Sem183	31	273	Semjase	183	251	
4255	Sem184	31	274	Semjase	184	251	
4256	Pta91	31	275	Ptaah	91	252	
4257	Sem185	31	276	Semjase	185	252	
4258	Sem186	31	277	Semjase	186	252	
4259	Pta92	31	278	Ptaah	92	252	
4260	Pta93	31	279	Ptaah	93	252	
4261	Pta94	31	280	Ptaah	94	252	
4262	Pta95	31	281	Ptaah	95	253	
4263	Pta96	31	282	Ptaah	96	253	
4264	Pta97	31	283	Ptaah	97	253	
4265	Pta98	31	284	Ptaah	98	253	
4266	Pta99	31	285	Ptaah	99	253	
4267	Sem187	31	286	Semjase	187	253	
4268	Sem188	31	287	Semjase	188	253	
4269	Sem189	31	288	Semjase	189	253	
4270	Sem190	31	289	Semjase	190	253	
4271	Sem191	31	290	Semjase	191	253	
4272	Sem192	31	291	Semjase	192	253	
4273	Sem193	31	292	Semjase	193	253	
4274	Sem194	31	293	Semjase	194	253	
4275	Sem195	31	294	Semjase	195	253	
4276	Sem196	31	295	Semjase	196	253	
4277	Sem197	31	296	Semjase	197	254	
4278	Sem198	31	297	Semjase	198	254	
4279	Sem199	31	298	Semjase	199	254	
4280	Pta100	31	299	Ptaah	100	254	
4281	Sem200	31	300	Semjase	200	254	
4282	Sem201	31	301	Semjase	201	254	
4283	Sem202	31	302	Semjase	202	254	
4284	Sem203	31	303	Semjase	203	254	
4285	Pta101	31	304	Ptaah	101	254	
4286	Pta102	31	305	Ptaah	102	254	
4287	Pta103	31	306	Ptaah	103	254	
4288	Pta104	31	307	Ptaah	104	254	
4289	Pta105	31	308	Ptaah	105	254	
4290	Pta106	31	309	Ptaah	106	254	
4291	Pta107	31	310	Ptaah	107	254	
4292	Pta108	31	311	Ptaah	108	255	
4293	Pta109	31	312	Ptaah	109	255	
4294	Pta110	31	313	Ptaah	110	255	
4295	Sem204	31	314	Semjase	204	255	
4296	Pta111	31	315	Ptaah	111	255	
4297	Pta112	31	316	Ptaah	112	255	
4298	Pta113	31	317	Ptaah	113	255	
4299	Pta114	31	318	Ptaah	114	255	
4300	Sem205	31	319	Semjase	205	255	
4301	Pta115	31	320	Ptaah	115	255	
4302	Pta116	31	321	Ptaah	116	255	
4303	Pta117	31	322	Ptaah	117	255	
4304	Pta118	31	323	Ptaah	118	255	
4305	Pta119	31	324	Ptaah	119	255	
4306	Pta120	31	325	Ptaah	120	255	
4307	Pta121	31	326	Ptaah	121	256	
4308	Pta122	31	327	Ptaah	122	256	
4309	Pta123	31	328	Ptaah	123	256	
4310	Sem206	31	329	Semjase	206	256	
4311	Sem207	31	330	Semjase	207	256	
4312	Sem208	31	331	Semjase	208	256	
4313	Pta124	31	332	Ptaah	124	256	
4314	Pta125	31	333	Ptaah	125	256	
4315	Pta126	31	334	Ptaah	126	256	
4316	Pta127	31	335	Ptaah	127	256	
4317	Pta128	31	336	Ptaah	128	256	
4318	Pta129	31	337	Ptaah	129	256	
4319	Pta130	31	338	Ptaah	130	256	
4320	Pta131	31	339	Ptaah	131	256	
4321	Pta132	31	340	Ptaah	132	256	
4322	Pta133	31	341	Ptaah	133	257	
4323	Pta134	31	342	Ptaah	134	257	
4324	Pta135	31	343	Ptaah	135	257	
4325	Pta136	31	344	Ptaah	136	257	
4326	Pta137	31	345	Ptaah	137	257	
4327	Pta138	31	346	Ptaah	138	257	
4328	Pta139	31	347	Ptaah	139	257	
4329	Pta140	31	348	Ptaah	140	257	
4330	Pta141	31	349	Ptaah	141	257	
4331	Pta142	31	350	Ptaah	142	257	
4332	Pta143	31	351	Ptaah	143	257	
4333	Pta144	31	352	Ptaah	144	257	
4334	Pta145	31	353	Ptaah	145	257	
4335	Pta146	31	354	Ptaah	146	257	
4336	Pta147	31	355	Ptaah	147	257	
4337	Pta148	31	356	Ptaah	148	257	
4338	Pta149	31	357	Ptaah	149	257	
4339	Pta150	31	358	Ptaah	150	257	
4340	Pta151	31	359	Ptaah	151	257	
4341	Pta152	31	360	Ptaah	152	257	
4342	Pta153	31	361	Ptaah	153	257	
4343	Pta154	31	362	Ptaah	154	257	
4344	Pta155	31	363	Ptaah	155	257	
4345	Sem209	31	364	Semjase	209	258	
4346	Sem210	31	365	Semjase	210	258	
4347	Pta156	31	366	Ptaah	156	258	
4348	Pta157	31	367	Ptaah	157	258	
4349	Pta158	31	368	Ptaah	158	258	
4350	Pta159	31	369	Ptaah	159	258	
4351	Pta160	31	370	Ptaah	160	258	
4352	Pta161	31	371	Ptaah	161	258	
4353	Pta162	31	372	Ptaah	162	258	
4354	Pta163	31	373	Ptaah	163	258	
4355	Pta164	31	374	Ptaah	164	258	
4356	Pta165	31	375	Ptaah	165	258	
4357	Pta166	31	376	Ptaah	166	258	
4358	Pta167	31	377	Ptaah	167	258	
4359	Sem211	31	378	Semjase	211	258	
4360	Sem212	31	379	Semjase	212	258	
4361	Sem213	31	380	Semjase	213	259	
4362	Sem214	31	381	Semjase	214	259	
4363	Sem215	31	382	Semjase	215	259	
4364	Sem216	31	383	Semjase	216	259	
4365	Sem217	31	384	Semjase	217	259	
4366	Sem218	31	385	Semjase	218	259	
4367	Sem219	31	386	Semjase	219	259	
4368	Sem220	31	387	Semjase	220	259	
4369	Sem221	31	388	Semjase	221	259	
4370	Sem222	31	389	Semjase	222	259	
4371	Sem223	31	390	Semjase	223	259	
4372	Sem224	31	391	Semjase	224	260	
4373	Sem225	31	392	Semjase	225	260	
4374	Sem226	31	393	Semjase	226	260	
4375	Sem227	31	394	Semjase	227	260	
4376	Sem228	31	395	Semjase	228	260	
4377	Sem229	31	396	Semjase	229	261	
4378	Sem230	31	397	Semjase	230	261	
4379	Pta168	31	398	Ptaah	168	261	
4380	Pta169	31	399	Ptaah	169	261	
4381	Sem231	31	400	Semjase	231	261	
4382	Sem232	31	401	Semjase	232	261	
4383	Sem233	31	402	Semjase	233	261	
4384	Sem234	31	403	Semjase	234	261	
4385	Sem235	31	404	Semjase	235	261	
4386	Sem236	31	405	Semjase	236	261	
4387	Pta170	31	406	Ptaah	170	261	
4388	Sem237	31	407	Semjase	237	264	
4389	Sem238	31	408	Semjase	238	264	
4390	Sem239	31	409	Semjase	239	264	
4391	Sem240	31	410	Semjase	240	264	
4392	Sem241	31	411	Semjase	241	264	
4393	Sem242	31	412	Semjase	242	264	
4394	Sem243	31	413	Semjase	243	264	
4395	Sem244	31	414	Semjase	244	264	
4396	Sem245	31	415	Semjase	245	264	
4397	Sem246	31	416	Semjase	246	264	
4398	Sem247	31	417	Semjase	247	264	
4399	Sem248	31	418	Semjase	248	264	
4400	Sem249	31	419	Semjase	249	264	
4401	Sem250	31	420	Semjase	250	264	
4402	Sem251	31	421	Semjase	251	265	
4403	Sem252	31	422	Semjase	252	265	
4404	Sem253	31	423	Semjase	253	265	
4405	Sem254	31	424	Semjase	254	265	
4406	Sem255	31	425	Semjase	255	265	
4407	Sem256	31	426	Semjase	256	265	
4408	Sem257	31	427	Semjase	257	265	
4409	Sem258	31	428	Semjase	258	265	
4410	Sem259	31	429	Semjase	259	265	
4411	Sem260	31	430	Semjase	260	265	
4412	Sem261	31	431	Semjase	261	265	
4413	Sem262	31	432	Semjase	262	265	
4414	Sem263	31	433	Semjase	263	265	
4415	Sem264	31	434	Semjase	264	265	
4416	Sem265	31	435	Semjase	265	265	
4417	Sem266	31	436	Semjase	266	265	
4418	Sem267	31	437	Semjase	267	265	
4419	Sem268	31	438	Semjase	268	265	
4420	Sem269	31	439	Semjase	269	265	
4421	Sem270	31	440	Semjase	270	265	
4422	Sem271	31	441	Semjase	271	266	
4423	Sem272	31	442	Semjase	272	266	
4424	Sem273	31	443	Semjase	273	268	
4425	Sem274	31	444	Semjase	274	268	
4426	Sem275	31	445	Semjase	275	269	
4427	Sem276	31	446	Semjase	276	269	
4428	Sem277	31	447	Semjase	277	269	
4429	Sem278	31	448	Semjase	278	269	
4430	Sem279	31	449	Semjase	279	269	
4431	Sem280	31	450	Semjase	280	269	
4432	Sem281	31	451	Semjase	281	269	
4433	Sem282	31	452	Semjase	282	269	
4434	Sem283	31	453	Semjase	283	269	
4435	Sem284	31	454	Semjase	284	269	
4436	Sem285	31	455	Semjase	285	269	
4437	Sem286	31	456	Semjase	286	269	
4438	Sem287	31	457	Semjase	287	269	
4439	Pta171	31	458	Ptaah	171	269	
4440	Pta172	31	459	Ptaah	172	269	
4441	Pta173	31	460	Ptaah	173	269	
4442	Pta174	31	461	Ptaah	174	270	
4443	Pta175	31	462	Ptaah	175	270	
4444	Pta176	31	463	Ptaah	176	270	
4445	Sem288	31	464	Semjase	288	270	
4446	Sem289	31	465	Semjase	289	270	
4447	Sem290	31	466	Semjase	290	270	
4448	Sem291	31	467	Semjase	291	270	
4449	Sem292	31	468	Semjase	292	270	
4450	Pta177	31	469	Ptaah	177	270	
4451	Pta178	31	470	Ptaah	178	270	
4452	Pta179	31	471	Ptaah	179	270	
4453	Pta180	31	472	Ptaah	180	270	
4454	Sem293	31	473	Semjase	293	270	
4455	Sem294	31	474	Semjase	294	270	
4456	Sem295	31	475	Semjase	295	270	
4457	Pta181	31	476	Ptaah	181	270	
4458	Pta182	31	477	Ptaah	182	270	
4459	Pta183	31	478	Ptaah	183	270	
4460	Pta184	31	479	Ptaah	184	270	
4461	Pta185	31	480	Ptaah	185	271	
4462	Pta186	31	481	Ptaah	186	271	
4463	Pta187	31	482	Ptaah	187	271	
4464	Pta188	31	483	Ptaah	188	271	
4465	Sem296	31	484	Semjase	296	271	
4466	Sem297	31	485	Semjase	297	271	
4467	Pta189	31	486	Ptaah	189	271	
4468	Pta190	31	487	Ptaah	190	271	
4469	Pta191	31	488	Ptaah	191	271	
4470	Pta192	31	489	Ptaah	192	271	
4471	Pta193	31	490	Ptaah	193	271	
4472	Pta194	31	491	Ptaah	194	271	
4473	Pta195	31	492	Ptaah	195	271	
4474	Pta196	31	493	Ptaah	196	271	
4475	Pta197	31	494	Ptaah	197	271	
4476	Pta198	31	495	Ptaah	198	271	
4477	Pta199	31	496	Ptaah	199	271	
4478	Pta200	31	497	Ptaah	200	271	
4479	Pta201	31	498	Ptaah	201	272	
4480	Pta202	31	499	Ptaah	202	272	
4481	Pta203	31	500	Ptaah	203	272	
4482	Pta204	31	501	Ptaah	204	272	
4483	Pta205	31	502	Ptaah	205	272	
4484	Pta206	31	503	Ptaah	206	272	
4485	Pta207	31	504	Ptaah	207	272	
4486	Pta208	31	505	Ptaah	208	272	
4487	Pta209	31	506	Ptaah	209	272	
4488	Pta210	31	507	Ptaah	210	272	
4489	Pta211	31	508	Ptaah	211	272	
4490	Pta212	31	509	Ptaah	212	272	
4491	Pta213	31	510	Ptaah	213	272	
4492	Pta214	31	511	Ptaah	214	272	
4493	Pta215	31	512	Ptaah	215	272	
4494	Pta216	31	513	Ptaah	216	273	
4495	Pta217	31	514	Ptaah	217	273	
4496	Pta218	31	515	Ptaah	218	273	
4497	Pta219	31	516	Ptaah	219	273	
4498	Pta220	31	517	Ptaah	220	273	
4499	Pta221	31	518	Ptaah	221	273	
4500	Pta222	31	519	Ptaah	222	273	
4501	Pta223	31	520	Ptaah	223	273	
4502	Pta224	31	521	Ptaah	224	273	
4503	Pta225	31	522	Ptaah	225	273	
4504	Pta226	31	523	Ptaah	226	273	
4505	Pta227	31	524	Ptaah	227	273	
4506	Pta228	31	525	Ptaah	228	273	
4507	Pta229	31	526	Ptaah	229	273	
4508	Pta230	31	527	Ptaah	230	273	
4509	Pta231	31	528	Ptaah	231	273	
4510	Pta232	31	529	Ptaah	232	274	
4511	Pta233	31	530	Ptaah	233	274	
4512	Pta234	31	531	Ptaah	234	274	
4513	Pta235	31	532	Ptaah	235	274	
4514	Pta236	31	533	Ptaah	236	274	
4515	Pta237	31	534	Ptaah	237	274	
4516	Pta238	31	535	Ptaah	238	274	
4517	Pta239	31	536	Ptaah	239	274	
4518	Pta240	31	537	Ptaah	240	274	
4519	Pta241	31	538	Ptaah	241	274	
4520	Pta242	31	539	Ptaah	242	274	
4521	Pta243	31	540	Ptaah	243	274	
4522	Pta244	31	541	Ptaah	244	274	
4523	Pta245	31	542	Ptaah	245	274	
4524	Pta246	31	543	Ptaah	246	274	
4525	Pta247	31	544	Ptaah	247	274	
4526	Pta248	31	545	Ptaah	248	274	
4527	Pta249	31	546	Ptaah	249	274	
4528	Sem298	31	547	Semjase	298	275	
4529	Pta250	31	548	Ptaah	250	275	
4530	Pta251	31	549	Ptaah	251	275	
4531	Pta252	31	550	Ptaah	252	275	
4532	Pta253	31	551	Ptaah	253	275	
4533	Sem299	31	552	Semjase	299	275	
4534	Sem300	31	553	Semjase	300	275	
4535	Sem301	31	554	Semjase	301	275	
4536	Sem302	31	555	Semjase	302	275	
4537	Sem303	31	556	Semjase	303	275	
4538	Sem304	31	557	Semjase	304	275	
4539	Sem305	31	558	Semjase	305	275	
4540	Sem306	31	559	Semjase	306	276	
4541	Sem307	31	560	Semjase	307	276	
4542	Sem308	31	561	Semjase	308	276	
4543	Sem309	31	562	Semjase	309	276	
4544	Sem310	31	563	Semjase	310	276	
4545	Sem311	31	564	Semjase	311	276	
4546	Sem312	31	565	Semjase	312	276	
4547	Pta254	31	566	Ptaah	254	276	
4548	Sem313	31	567	Semjase	313	276	
4549	Sem314	31	568	Semjase	314	276	
4550	Sem315	31	569	Semjase	315	276	
4551	Sem316	31	570	Semjase	316	277	
4552	Sem317	31	571	Semjase	317	277	
4553	Sem318	31	572	Semjase	318	277	
4554	Sem319	31	573	Semjase	319	277	
4555	Sem320	31	574	Semjase	320	277	
4556	Sem321	31	575	Semjase	321	277	
4557	Sem322	31	576	Semjase	322	277	
4558	Sem323	31	577	Semjase	323	277	
4559	Sem324	31	578	Semjase	324	277	
4560	Sem325	31	579	Semjase	325	277	
4561	Sem326	31	580	Semjase	326	277	
4562	Sem327	31	581	Semjase	327	277	
4563	Sem328	31	582	Semjase	328	277	
4564	Sem329	31	583	Semjase	329	277	
4565	Sem330	31	584	Semjase	330	278	
4566	Ask1	31	585	Asket	1	278	
4567	Ask2	31	586	Asket	2	278	
4568	Ask3	31	587	Asket	3	278	
4569	Ask4	31	588	Asket	4	278	
4570	Ask5	31	589	Asket	5	278	
4571	Ask6	31	590	Asket	6	279	
4572	Ask7	31	591	Asket	7	279	
4573	Ask8	31	592	Asket	8	279	
4574	Ask9	31	593	Asket	9	279	
4575	Ask10	31	594	Asket	10	279	
4576	Ask11	31	595	Asket	11	279	
4577	Ask12	31	596	Asket	12	279	
4578	Ask13	31	597	Asket	13	279	
4579	Ask14	31	598	Asket	14	279	
4580	Ask15	31	599	Asket	15	279	
4581	Ask16	31	600	Asket	16	279	
4582	Sem331	31	601	Semjase	331	279	
4583	Ask17	31	602	Asket	17	280	
4584	Ask18	31	603	Asket	18	280	
4585	Ask19	31	604	Asket	19	280	
4586	Ask20	31	605	Asket	20	280	
4587	Ner1	31	606	Nera	1	280	
4588	Ner2	31	607	Nera	2	280	
4589	Ner3	31	608	Nera	3	280	
4590	Ner4	31	609	Nera	4	280	
4591	Ner5	31	610	Nera	5	280	
4592	Sem332	31	611	Semjase	332	280	
4593	Ask21	31	612	Asket	21	280	
4594	Ask22	31	613	Asket	22	280	
4595	Ask23	31	614	Asket	23	280	
4596	Ask24	31	615	Asket	24	280	
4597	Ask25	31	616	Asket	25	280	
4598	Ask26	31	617	Asket	26	280	
4599	Ask27	31	618	Asket	27	280	
4600	Ask28	31	619	Asket	28	280	
4601	Ask29	31	620	Asket	29	280	
4602	Ner6	31	621	Nera	6	281	
4603	Ner7	31	622	Nera	7	281	
4604	Ner8	31	623	Nera	8	281	
4605	Ner9	31	624	Nera	9	281	
4606	Ner10	31	625	Nera	10	281	
4607	Ner11	31	626	Nera	11	281	
4608	Ner12	31	627	Nera	12	281	
4609	Ner13	31	628	Nera	13	281	
4610	Ner14	31	629	Nera	14	281	
4611	Ner15	31	630	Nera	15	281	
4612	Ner16	31	631	Nera	16	281	
4613	Ner17	31	632	Nera	17	281	
4614	Ner18	31	633	Nera	18	281	
4615	Ner19	31	634	Nera	19	281	
4616	Ner20	31	635	Nera	20	282	
4617	Ner21	31	636	Nera	21	282	
4618	Ner22	31	637	Nera	22	282	
4619	Ner23	31	638	Nera	23	282	
4620	Ner24	31	639	Nera	24	282	
4621	Ner25	31	640	Nera	25	282	
4622	Ner26	31	641	Nera	26	282	
4623	Ner27	31	642	Nera	27	282	
4624	Ner28	31	643	Nera	28	282	
4625	Ner29	31	644	Nera	29	282	
4626	Ner30	31	645	Nera	30	282	
4627	Ner31	31	646	Nera	31	282	
4628	Ner32	31	647	Nera	32	282	
4629	Ner33	31	648	Nera	33	283	
4630	Ner34	31	649	Nera	34	283	
4631	Ner35	31	650	Nera	35	283	
4632	Ner36	31	651	Nera	36	283	
4633	Ner37	31	652	Nera	37	283	
4634	Ask30	31	653	Asket	30	283	
4635	Ask31	31	654	Asket	31	283	
4636	Ask32	31	655	Asket	32	283	
4637	Sem333	31	656	Semjase	333	283	
4638	Ask33	31	657	Asket	33	283	
4639	Ask34	31	658	Asket	34	283	
4640	Ask35	31	659	Asket	35	283	
4641	Ask36	31	660	Asket	36	283	
4642	Ask37	31	661	Asket	37	283	
4643	Ask38	31	662	Asket	38	284	
4644	Ask39	31	663	Asket	39	284	
4645	Ask40	31	664	Asket	40	284	
4646	Ask41	31	665	Asket	41	284	
4647	Ask42	31	666	Asket	42	284	
4648	Ask43	31	667	Asket	43	284	
4649	Ask44	31	668	Asket	44	284	
4650	Ask45	31	669	Asket	45	284	
4651	Ask46	31	670	Asket	46	284	
4652	Ask47	31	671	Asket	47	284	
4653	Ask48	31	672	Asket	48	284	
4654	Ask49	31	673	Asket	49	284	
4655	Ask50	31	674	Asket	50	284	
4656	Ask51	31	675	Asket	51	284	
4657	Ask52	31	676	Asket	52	284	
4658	Ask53	31	677	Asket	53	284	
4659	Sem334	31	678	Semjase	334	284	
4660	Sem335	31	679	Semjase	335	284	
4661	Sem336	31	680	Semjase	336	284	
4662	Sem337	31	681	Semjase	337	284	
4663	Sem338	31	682	Semjase	338	285	
4664	Sem339	31	683	Semjase	339	285	
4665	Sem340	31	684	Semjase	340	285	
4666	Ask54	31	685	Asket	54	285	
4667	Ask55	31	686	Asket	55	285	
4668	Ask56	31	687	Asket	56	285	
4669	Ask57	31	688	Asket	57	285	
4670	Ask58	31	689	Asket	58	285	
4671	Ask59	31	690	Asket	59	285	
4672	Ask60	31	691	Asket	60	285	
4673	Ask61	31	692	Asket	61	285	
4674	Ask62	31	693	Asket	62	285	
4675	Ask63	31	694	Asket	63	285	
4676	Ask64	31	695	Asket	64	285	
4677	Ask65	31	696	Asket	65	285	
4678	Ask66	31	697	Asket	66	285	
4679	Ask67	31	698	Asket	67	285	
4680	Ask68	31	699	Asket	68	285	
4681	Ask69	31	700	Asket	69	285	
4682	Ask70	31	701	Asket	70	285	
4683	Ask71	31	702	Asket	71	285	
4684	Ask72	31	703	Asket	72	285	
4685	Ask73	31	704	Asket	73	285	
4686	Ask74	31	705	Asket	74	286	
4687	Ask75	31	706	Asket	75	286	
4688	Ask76	31	707	Asket	76	286	
4689	Ask77	31	708	Asket	77	286	
4690	Ask78	31	709	Asket	78	286	
4691	Ask79	31	710	Asket	79	286	
4692	Ask80	31	711	Asket	80	286	
4693	Ask81	31	712	Asket	81	286	
4694	Ask82	31	713	Asket	82	286	
4695	Ask83	31	714	Asket	83	286	
4696	Ask84	31	715	Asket	84	286	
4697	Ask85	31	716	Asket	85	286	
4698	Ask86	31	717	Asket	86	286	
4699	Ask87	31	718	Asket	87	286	
4700	Ask88	31	719	Asket	88	286	
4701	Ask89	31	720	Asket	89	286	
4702	Ask90	31	721	Asket	90	286	
4703	Ask91	31	722	Asket	91	286	
4704	Ask92	31	723	Asket	92	286	
4705	Ask93	31	724	Asket	93	286	
4706	Ask94	31	725	Asket	94	286	
4707	Ask95	31	726	Asket	95	286	
4708	Ask96	31	727	Asket	96	286	
4709	Ask97	31	728	Asket	97	286	
4710	Ask98	31	729	Asket	98	286	
4711	Ask99	31	730	Asket	99	286	
4712	Ask100	31	731	Asket	100	286	
4713	Ask101	31	732	Asket	101	286	
4714	Ask102	31	733	Asket	102	287	
4715	Ask103	31	734	Asket	103	287	
4716	Ask104	31	735	Asket	104	287	
4717	Ask105	31	736	Asket	105	287	
4718	Ask106	31	737	Asket	106	287	
4719	Ask107	31	738	Asket	107	287	
4720	Ask108	31	739	Asket	108	287	
4721	Ask109	31	740	Asket	109	287	
4722	Ask110	31	741	Asket	110	287	
4723	Ask111	31	742	Asket	111	287	
4724	Ask112	31	743	Asket	112	287	
4725	Ask113	31	744	Asket	113	287	
4726	Ask114	31	745	Asket	114	287	
4727	Ask115	31	746	Asket	115	287	
4728	Ask116	31	747	Asket	116	287	
4729	Sem341	31	748	Semjase	341	287	
4730	Sem342	31	749	Semjase	342	287	
4731	Sem343	31	750	Semjase	343	287	
4732	Sem344	31	751	Semjase	344	287	
4733	Sem345	31	752	Semjase	345	287	
4734	Sem346	31	753	Semjase	346	288	
4735	Sem347	31	754	Semjase	347	288	
4736	Sem348	31	755	Semjase	348	288	
4737	Sem349	31	756	Semjase	349	288	
4738	Sem350	31	757	Semjase	350	288	
4739	Sem351	31	758	Semjase	351	288	
4740	Sem352	31	759	Semjase	352	288	
4741	Sem353	31	760	Semjase	353	288	
4742	Sem354	31	761	Semjase	354	288	
4743	Sem355	31	762	Semjase	355	288	
4744	Sem356	31	763	Semjase	356	288	
4745	Sem357	31	764	Semjase	357	288	
4746	Sem358	31	765	Semjase	358	288	
4747	Ask117	31	766	Asket	117	288	
4748	Ask118	31	767	Asket	118	288	
4749	Ask119	31	768	Asket	119	288	
4750	Ask120	31	769	Asket	120	288	
4751	Ask121	31	770	Asket	121	288	
4752	Ask122	31	771	Asket	122	288	
4753	Ask123	31	772	Asket	123	288	
4754	Ask124	31	773	Asket	124	288	
4755	Ask125	31	774	Asket	125	288	
4756	Ask126	31	775	Asket	126	288	
4757	Ask127	31	776	Asket	127	288	
4758	Ask128	31	777	Asket	128	288	
4759	Ask129	31	778	Asket	129	288	
4760	Ask130	31	779	Asket	130	288	
4761	Ask131	31	780	Asket	131	289	
4762	Ask132	31	781	Asket	132	289	
4763	Ask133	31	782	Asket	133	289	
4764	Ask134	31	783	Asket	134	289	
4765	Ask135	31	784	Asket	135	289	
4766	Ask136	31	785	Asket	136	289	
4767	Ask137	31	786	Asket	137	289	
4768	Ask138	31	787	Asket	138	289	
4769	Ask139	31	788	Asket	139	289	
4770	Ask140	31	789	Asket	140	289	
4771	Ask141	31	790	Asket	141	289	
4772	Ask142	31	791	Asket	142	289	
4773	Ask143	31	792	Asket	143	289	
4774	Ask144	31	793	Asket	144	289	
4775	Ask145	31	794	Asket	145	289	
4776	Ask146	31	795	Asket	146	289	
4777	Ask147	31	796	Asket	147	289	
4778	Ask148	31	797	Asket	148	289	
4779	Ask149	31	798	Asket	149	289	
4780	Ask150	31	799	Asket	150	289	
4781	Ask151	31	800	Asket	151	289	
4782	Ask152	31	801	Asket	152	289	
4783	Ask153	31	802	Asket	153	290	
4784	Ask154	31	803	Asket	154	290	
4785	Ask155	31	804	Asket	155	290	
4786	Ask156	31	805	Asket	156	290	
4787	Ask157	31	806	Asket	157	290	
4788	Ask158	31	807	Asket	158	290	
4789	Ask159	31	808	Asket	159	290	
4790	Ask160	31	809	Asket	160	290	
4791	Ask161	31	810	Asket	161	290	
4792	Ask162	31	811	Asket	162	290	
4793	Ask163	31	812	Asket	163	290	
4794	Ask164	31	813	Asket	164	290	
4795	Ask165	31	814	Asket	165	290	
4796	Ask166	31	815	Asket	166	290	
4797	Ask167	31	816	Asket	167	290	
4798	Ask168	31	817	Asket	168	291	
4799	Ask169	31	818	Asket	169	291	
4800	Ask170	31	819	Asket	170	291	
4801	Ask171	31	820	Asket	171	291	
4802	Ask172	31	821	Asket	172	291	
4803	Ask173	31	822	Asket	173	291	
4804	Ask174	31	823	Asket	174	291	
4805	Ask175	31	824	Asket	175	291	
4806	Ask176	31	825	Asket	176	291	
4807	Ask177	31	826	Asket	177	291	
4808	Ask178	31	827	Asket	178	291	
4809	Ask179	31	828	Asket	179	291	
4810	Ask180	31	829	Asket	180	291	
4811	Ask181	31	830	Asket	181	291	
4812	Ask182	31	831	Asket	182	291	
4813	Ask183	31	832	Asket	183	292	
4814	Ask184	31	833	Asket	184	292	
4815	Ask185	31	834	Asket	185	292	
4816	Ask186	31	835	Asket	186	292	
4817	Ask187	31	836	Asket	187	292	
4818	Ask188	31	837	Asket	188	292	
4819	Ask189	31	838	Asket	189	292	
4820	Ask190	31	839	Asket	190	292	
4821	Ask191	31	840	Asket	191	292	
4822	Ask192	31	841	Asket	192	292	
4823	Ask193	31	842	Asket	193	292	
4824	Ask194	31	843	Asket	194	292	
4825	Ner38	31	844	Nera	38	292	
4826	Ner39	31	845	Nera	39	292	
4827	Sem359	31	846	Semjase	359	293	
4828	Sem360	31	847	Semjase	360	293	
4829	Ask195	31	848	Asket	195	293	
4830	Sem361	31	849	Semjase	361	293	
4831	Ask196	31	850	Asket	196	293	
4832	Ask197	31	851	Asket	197	293	
4833	Ask198	31	852	Asket	198	293	
4834	Ask199	31	853	Asket	199	293	
4835	Ask200	31	854	Asket	200	293	
4836	Ask201	31	855	Asket	201	293	
4837	Ask202	31	856	Asket	202	293	
4838	Ask203	31	857	Asket	203	293	
4839	Ask204	31	858	Asket	204	293	
4840	Sem362	31	859	Semjase	362	294	
4841	Sem363	31	860	Semjase	363	294	
4842	Sem364	31	861	Semjase	364	294	
4843	Sem365	31	862	Semjase	365	294	
4844	Sem366	31	863	Semjase	366	294	
4845	Sem367	31	864	Semjase	367	294	
4846	Sem368	31	865	Semjase	368	294	
4847	Sem369	31	866	Semjase	369	294	
4848	Sem370	31	867	Semjase	370	294	
4849	Sem371	31	868	Semjase	371	294	
4850	Sem372	31	869	Asket	205	361	
4851	Ask206	31	870	Asket	206	361	
4852	Ask207	31	871	Asket	207	362	
4853	Ask208	31	872	Asket	208	362	
4854	Sem372	31	873	Semjase	372	362	
4855	Ner40	31	874	Nera	40	362	
4856	Sem373	31	875	Semjase	373	362	
4857	Ask209	31	876	Asket	209	362	
4858	Ask210	31	877	Asket	210	362	
4859	Ner41	31	878	Nera	41	362	
4860	Ner42	31	879	Nera	42	362	
4861	Ner43	31	880	Nera	43	362	
4862	Ner44	31	881	Nera	44	362	
4863	Ner45	31	882	Nera	45	362	
4864	Ner46	31	883	Nera	46	362	
4865	Ner47	31	884	Nera	47	362	
4866	Ner48	31	885	Nera	48	362	
4867	Ner49	31	886	Nera	49	362	
4868	Ask211	31	887	Asket	211	362	
4869	Sem374	31	888	Semjase	374	363	
4870	Ask212	31	889	Asket	212	363	
4871	Ask213	31	890	Asket	213	363	
4872	Ask214	31	891	Asket	214	363	
4873	Ask215	31	892	Asket	215	363	
4874	Ask216	31	893	Asket	216	363	
4875	Sem375	31	894	Semjase	375	363	
4876	Sem376	31	895	Semjase	376	363	
4877	Sem377	31	896	Semjase	377	363	
4878	Sem378	31	897	Semjase	378	363	
4879	Sem379	31	898	Semjase	379	363	
4880	Sem380	31	899	Semjase	380	363	
4881	Sem381	31	900	Semjase	381	363	
4882	Sem382	31	901	Semjase	382	363	
4883	Sem383	31	902	Semjase	383	363	
4884	Sem384	31	903	Semjase	384	363	
4885	Sem385	31	904	Semjase	385	363	
4886	Sem386	31	905	Semjase	386	364	
4887	Sem387	31	906	Semjase	387	364	
4888	Sem388	31	907	Semjase	388	364	
4889	Sem389	31	908	Semjase	389	364	
4890	Ask217	31	909	Asket	217	364	
4891	Sem390	31	910	Semjase	390	364	
4892	Ask218	31	911	Asket	218	364	
4893	Sem391	31	912	Semjase	391	364	
4894	Ask219	31	913	Asket	219	364	
4895	Sem392	31	914	Semjase	392	364	
4896	Sem393	31	915	Semjase	393	364	
4897	Sem394	31	916	Semjase	394	364	
4898	Ask220	31	917	Asket	220	364	
4899	Sem395	31	918	Semjase	395	365	
4900	Sem396	31	919	Semjase	396	365	
4901	Sem397	31	920	Semjase	397	365	
4902	Ask221	31	921	Asket	221	365	
4903	Ask222	31	922	Asket	222	365	
4904	Sem398	31	923	Semjase	398	365	
4905	Ask223	31	924	Asket	223	365	
4906	Sem399	31	925	Semjase	399	365	
4907	Ask224	31	926	Asket	224	365	
4908	Sem400	31	927	Semjase	400	365	
4909	Ask225	31	928	Asket	225	365	
4910	Ask226	31	929	Asket	226	365	
4911	Ask227	31	930	Asket	227	365	
4912	Sem401	31	931	Semjase	401	365	
4913	Sem402	31	932	Semjase	402	365	
4914	Ask228	31	933	Asket	228	366	
4915	Ask229	31	934	Asket	229	366	
4916	Ask230	31	935	Asket	230	366	
4917	Sem403	31	936	Semjase	403	366	
4918	Sem404	31	937	Semjase	404	366	
4919	Sem405	31	938	Semjase	405	366	
4920	Sem406	31	939	Semjase	406	366	
4921	Sem407	31	940	Semjase	407	366	
4922	Sem408	31	941	Semjase	408	366	
4923	Sem409	31	942	Semjase	409	366	
4924	Sem410	31	943	Semjase	410	366	
4925	Sem411	31	944	Semjase	411	366	
4926	Sem412	31	945	Semjase	412	366	
4927	Sem413	31	946	Semjase	413	366	
4928	Sem414	31	947	Semjase	414	366	
4929	Sem415	31	948	Semjase	415	366	
4930	Sem416	31	949	Semjase	416	366	
4931	Sem417	31	950	Semjase	417	366	
4932	Ask231	31	951	Asket	231	367	
4933	Ask232	31	952	Asket	232	367	
4934	Ask233	31	953	Asket	233	367	
4935	Sem418	31	954	Semjase	418	367	
4936	Ask234	31	955	Asket	234	367	
4937	Sem419	31	956	Semjase	419	367	
4938	Sem420	31	957	Semjase	420	367	
4939	Ask235	31	958	Asket	235	367	
4940	Sem421	31	959	Semjase	421	367	
4941	Sem422	31	960	Semjase	422	367	
4942	Ask236	31	961	Asket	236	367	
4943	Sem423	31	962	Semjase	423	367	
4944	Sem424	31	963	Semjase	424	367	
4945	Ask237	31	964	Asket	237	367	
4946	Sem425	31	965	Semjase	425	367	
4947	Ask238	31	966	Asket	238	367	
4948	Ask239	31	967	Asket	239	368	
4949	Ask240	31	968	Asket	240	368	
4950	Ask241	31	969	Asket	241	368	
4951	Ask242	31	970	Asket	242	368	
4952	Ask243	31	971	Asket	243	368	
4953	Sem426	31	972	Semjase	426	368	
4954	Sem427	31	973	Semjase	427	368	
4955	Sem428	31	974	Semjase	428	368	
4956	Sem429	31	975	Semjase	429	368	
4957	Sem430	31	976	Semjase	430	368	
4958	Sem431	31	977	Semjase	431	368	
4959	Sem432	31	978	Semjase	432	368	
4960	Pta255	31	979	Ptaah	255	368	
4961	Pta256	31	980	Ptaah	256	368	
4962	Pta257	31	981	Ptaah	257	368	
4963	Pta258	31	982	Ptaah	258	369	
4964	Pta259	31	983	Ptaah	259	369	
4965	Pta260	31	984	Ptaah	260	369	
4966	Pta261	31	985	Ptaah	261	369	
4967	Pta262	31	986	Ptaah	262	369	
4968	Sem433	31	987	Semjase	433	369	
4969	Sem434	31	988	Semjase	434	369	
4970	Sem435	31	989	Semjase	435	369	
4971	Sem436	31	990	Semjase	436	369	
4972	Sem437	31	991	Semjase	437	369	
4973	Pta263	31	992	Ptaah	263	369	
4974	Pta264	31	993	Ptaah	264	369	
4975	Pta265	31	994	Ptaah	265	369	
4976	Pta266	31	995	Ptaah	266	369	
4977	Pta267	31	996	Ptaah	267	369	
4978	Sem438	31	997	Semjase	438	369	
4979	Sem439	31	998	Semjase	439	369	
4980	Sem440	31	999	Semjase	440	369	
4981	Sem441	31	1000	Semjase	441	369	
4982	Pta268	31	1001	Ptaah	268	370	
4983	Pta269	31	1002	Ptaah	269	370	
4984	Pta270	31	1003	Ptaah	270	370	
4985	Pta271	31	1004	Ptaah	271	370	
4986	Pta272	31	1005	Ptaah	272	370	
4987	Pta273	31	1006	Ptaah	273	370	
4988	Pta274	31	1007	Ptaah	274	370	
4989	Pta275	31	1008	Ptaah	275	370	
4990	Pta276	31	1009	Ptaah	276	370	
4991	Pta277	31	1010	Ptaah	277	370	
4992	Pta278	31	1011	Ptaah	278	370	
4993	Pta279	31	1012	Ptaah	279	371	
4994	Pta280	31	1013	Ptaah	280	371	
4995	Pta281	31	1014	Ptaah	281	371	
4996	Pta282	31	1015	Ptaah	282	371	
4997	Pta283	31	1016	Ptaah	283	371	
4998	Pta284	31	1017	Ptaah	284	371	
4999	Pta285	31	1018	Ptaah	285	371	
5000	Pta286	31	1019	Ptaah	286	371	
5001	Pta287	31	1020	Ptaah	287	371	
5002	Pta288	31	1021	Ptaah	288	371	
5003	Pta289	31	1022	Ptaah	289	371	
5004	Pta290	31	1023	Ptaah	290	371	
5005	Pta291	31	1024	Ptaah	291	371	
5006	Pta292	31	1025	Ptaah	292	371	
5007	Pta293	31	1026	Ptaah	293	371	
5008	Pta294	31	1027	Ptaah	294	371	
5009	Pta295	31	1028	Ptaah	295	371	
5010	Pta296	31	1029	Ptaah	296	371	
5011	Pta297	31	1030	Ptaah	297	371	
5012	Pta298	31	1031	Ptaah	298	371	
5013	Pta299	31	1032	Ptaah	299	371	
5014	Pta300	31	1033	Ptaah	300	371	
5015	Pta301	31	1034	Ptaah	301	371	
5016	Pta302	31	1035	Ptaah	302	371	
5017	Pta303	31	1036	Ptaah	303	371	
5018	Pta304	31	1037	Ptaah	304	371	
5019	Pta305	31	1038	Ptaah	305	371	
5020	Pta306	31	1039	Ptaah	306	372	
5021	Pta307	31	1040	Ptaah	307	372	
5022	Pta308	31	1041	Ptaah	308	372	
5023	Pta309	31	1042	Ptaah	309	372	
5024	Pta310	31	1043	Ptaah	310	372	
5025	Pta311	31	1044	Ptaah	311	372	
5026	Pta312	31	1045	Ptaah	312	372	
5027	Pta313	31	1046	Ptaah	313	372	
5028	Pta314	31	1047	Ptaah	314	372	
5029	Pta315	31	1048	Ptaah	315	372	
5030	Pta316	31	1049	Ptaah	316	372	
5031	Pta317	31	1050	Ptaah	317	372	
5032	Pta318	31	1051	Ptaah	318	372	
5033	Pta319	31	1052	Ptaah	319	372	
5034	Pta320	31	1053	Ptaah	320	372	
5035	Pta321	31	1054	Ptaah	321	372	
5036	Pta322	31	1055	Ptaah	322	372	
5037	Pta323	31	1056	Ptaah	323	372	
5038	Pta324	31	1057	Ptaah	324	372	
5039	Pta325	31	1058	Ptaah	325	372	
5040	Pta326	31	1059	Ptaah	326	372	
5041	Pta327	31	1060	Ptaah	327	372	
5042	Pta328	31	1061	Ptaah	328	372	
5043	Pta329	31	1062	Ptaah	329	372	
5044	Pta330	31	1063	Ptaah	330	372	
5045	Pta331	31	1064	Ptaah	331	372	
5046	Pta332	31	1065	Ptaah	332	372	
5047	Pta333	31	1066	Ptaah	333	372	
5048	Pta334	31	1067	Ptaah	334	373	
5049	Pta335	31	1068	Ptaah	335	373	
5050	Pta336	31	1069	Ptaah	336	373	
5051	Pta337	31	1070	Ptaah	337	373	
5052	Pta338	31	1071	Ptaah	338	373	
5053	Pta339	31	1072	Ptaah	339	373	
5054	Pta340	31	1073	Ptaah	340	373	
5055	Pta341	31	1074	Ptaah	341	373	
5056	Pta342	31	1075	Ptaah	342	373	
5057	Pta343	31	1076	Ptaah	343	373	
5058	Pta344	31	1077	Ptaah	344	373	
5059	Pta345	31	1078	Ptaah	345	373	
5060	Pta346	31	1079	Ptaah	346	373	
5061	Pta347	31	1080	Ptaah	347	373	
5062	Pta348	31	1081	Ptaah	348	373	
5063	Pta349	31	1082	Ptaah	349	373	
5064	Pta350	31	1083	Ptaah	350	373	
5065	Pta351	31	1084	Ptaah	351	373	
5066	Pta352	31	1085	Ptaah	352	373	
5067	Pta353	31	1086	Ptaah	353	373	
5068	Pta354	31	1087	Ptaah	354	373	
5069	Pta355	31	1088	Ptaah	355	373	
5070	Pta356	31	1089	Ptaah	356	373	
5071	Pta357	31	1090	Ptaah	357	373	
5072	Pta358	31	1091	Ptaah	358	374	
5073	Pta359	31	1092	Ptaah	359	374	
5074	Pta360	31	1093	Ptaah	360	374	
5075	Pta361	31	1094	Ptaah	361	374	
5076	Pta362	31	1095	Ptaah	362	374	
5077	Pta363	31	1096	Ptaah	363	374	
5078	Pta364	31	1097	Ptaah	364	374	
5079	Pta365	31	1098	Ptaah	365	374	
5080	Pta366	31	1099	Ptaah	366	374	
5081	Pta367	31	1100	Ptaah	367	374	
5082	Pta368	31	1101	Ptaah	368	374	
5083	Pta369	31	1102	Ptaah	369	374	
5084	Pta370	31	1103	Ptaah	370	374	
5085	Pta371	31	1104	Ptaah	371	374	
5086	Pta372	31	1105	Ptaah	372	374	
5087	Pta373	31	1106	Ptaah	373	375	
5088	Pta374	31	1107	Ptaah	374	375	
5089	Pta375	31	1108	Ptaah	375	375	
5090	Pta376	31	1109	Ptaah	376	375	
5091	Pta377	31	1110	Ptaah	377	375	
5092	Pta378	31	1111	Ptaah	378	375	
5093	Pta379	31	1112	Ptaah	379	375	
5094	Pta380	31	1113	Ptaah	380	375	
5095	Pta381	31	1114	Ptaah	381	375	
5096	Pta382	31	1115	Ptaah	382	375	
5097	Pta383	31	1116	Ptaah	383	375	
5098	Pta384	31	1117	Ptaah	384	375	
5099	Pta385	31	1118	Ptaah	385	375	
5100	Pta386	31	1119	Ptaah	386	375	
5101	Pta387	31	1120	Ptaah	387	375	
5102	Pta388	31	1121	Ptaah	388	375	
5103	Pta389	31	1122	Ptaah	389	375	
5104	Pta390	31	1123	Ptaah	390	375	
5105	Pta391	31	1124	Ptaah	391	376	
5106	Pta392	31	1125	Ptaah	392	376	
5107	Pta393	31	1126	Ptaah	393	376	
5108	Pta394	31	1127	Ptaah	394	376	
5109	Pta395	31	1128	Ptaah	395	376	
5110	Pta396	31	1129	Ptaah	396	376	
5111	Pta397	31	1130	Ptaah	397	376	
5112	Pta398	31	1131	Ptaah	398	376	
5113	Pta399	31	1132	Ptaah	399	376	
5114	Pta400	31	1133	Ptaah	400	376	
5115	Pta401	31	1134	Ptaah	401	376	
5116	Pta402	31	1135	Ptaah	402	376	
5117	Pta403	31	1136	Ptaah	403	376	
5118	Pta404	31	1137	Ptaah	404	376	
5119	Pta405	31	1138	Ptaah	405	376	
5120	Pta406	31	1139	Ptaah	406	376	
5121	Pta407	31	1140	Ptaah	407	376	
5122	Pta408	31	1141	Ptaah	408	376	
5123	Pta409	31	1142	Ptaah	409	376	
5124	Pta410	31	1143	Ptaah	410	376	
5125	Pta411	31	1144	Ptaah	411	377	
5126	Pta412	31	1145	Ptaah	412	377	
5127	Pta413	31	1146	Ptaah	413	377	
5128	Pta414	31	1147	Ptaah	414	377	
5129	Pta415	31	1148	Ptaah	415	377	
5130	Pta416	31	1149	Ptaah	416	377	
5131	Pta417	31	1150	Ptaah	417	377	
5132	Pta418	31	1151	Ptaah	418	377	
5133	Pta419	31	1152	Ptaah	419	404	
5134	Pta420	31	1153	Ptaah	420	404	
5135	Pta421	31	1154	Ptaah	421	404	
5136	Pta422	31	1155	Ptaah	422	404	
5137	Pta423	31	1156	Ptaah	423	404	
5138	Pta424	31	1157	Ptaah	424	404	
5139	Pta425	31	1158	Ptaah	425	404	
5140	Pta426	31	1159	Ptaah	426	404	
5141	Pta427	31	1160	Ptaah	427	404	
5142	Pta428	31	1161	Ptaah	428	404	
5143	Pta429	31	1162	Ptaah	429	404	
5144	Pta430	31	1163	Ptaah	430	404	
5145	Pta431	31	1164	Ptaah	431	404	
5146	Pta432	31	1165	Ptaah	432	404	
5147	Pta433	31	1166	Ptaah	433	404	
5148	Pta434	31	1167	Ptaah	434	404	
5149	Pta435	31	1168	Ptaah	435	404	
5150	Pta436	31	1169	Ptaah	436	404	
5151	Pta437	31	1170	Ptaah	437	404	
5152	Pta438	31	1171	Ptaah	438	404	
5153	Pta439	31	1172	Ptaah	439	404	
5154	Pta440	31	1173	Ptaah	440	404	
5155	Pta441	31	1174	Ptaah	441	404	
5156	Pta442	31	1175	Ptaah	442	404	
5157	Pta443	31	1176	Ptaah	443	404	
5158	Pta444	31	1177	Ptaah	444	405	
5159	Pta445	31	1178	Ptaah	445	405	
5160	Pta446	31	1179	Ptaah	446	405	
5161	Pta447	31	1180	Ptaah	447	405	
5162	Pta448	31	1181	Ptaah	448	405	
5163	Pta449	31	1182	Ptaah	449	405	
5164	Pta450	31	1183	Ptaah	450	405	
5165	Pta451	31	1184	Ptaah	451	405	
5166	Pta452	31	1185	Ptaah	452	405	
5167	Pta453	31	1186	Ptaah	453	405	
5168	Pta454	31	1187	Ptaah	454	405	
5169	Pta455	31	1188	Ptaah	455	405	
5170	Pta456	31	1189	Ptaah	456	405	
5171	Pta457	31	1190	Ptaah	457	405	
5172	Pta458	31	1191	Ptaah	458	405	
5173	Pta459	31	1192	Ptaah	459	405	
5174	Pta460	31	1193	Ptaah	460	405	
5175	Pta461	31	1194	Ptaah	461	405	
5176	Pta462	31	1195	Ptaah	462	405	
5177	Pta463	31	1196	Ptaah	463	405	
5178	Pta464	31	1197	Ptaah	464	405	
5179	Sem442	31	1198	Semjase	442	405	
5180	Sem443	31	1199	Semjase	443	405	
5181	Sem444	31	1200	Semjase	444	405	
5182	Sem445	31	1201	Semjase	445	405	
5183	Sem446	31	1202	Semjase	446	405	
5184	Sem447	31	1203	Semjase	447	405	
5185	Sem448	31	1204	Semjase	448	405	
5186	Sem449	31	1205	Semjase	449	405	
5187	Sem450	31	1206	Semjase	450	405	
5188	Sem451	31	1207	Semjase	451	405	
5189	Sem452	31	1208	Semjase	452	405	
5190	Sem453	31	1209	Semjase	453	405	
5191	Sem454	31	1210	Semjase	454	406	
5192	Sem455	31	1211	Semjase	455	406	
5193	Sem456	31	1212	Semjase	456	406	
5194	Sem457	31	1213	Semjase	457	406	
5195	Sem458	31	1214	Semjase	458	406	
5196	Sem459	31	1215	Semjase	459	406	
5197	Sem460	31	1216	Semjase	460	406	
5198	Pta465	31	1217	Ptaah	465	406	
5199	Pta466	31	1218	Ptaah	466	406	
5200	Pta467	31	1219	Ptaah	467	406	
5201	Pta468	31	1220	Ptaah	468	406	
5202	Pta469	31	1221	Ptaah	469	406	
5203	Pta470	31	1222	Ptaah	470	406	
5204	Pta471	31	1223	Ptaah	471	406	
5205	Pta472	31	1224	Ptaah	472	406	
5206	Pta473	31	1225	Ptaah	473	406	
5207	Pta474	31	1226	Ptaah	474	406	
5208	Pta475	31	1227	Ptaah	475	406	
5209	Pta476	31	1228	Ptaah	476	406	
5210	Sem461	31	1229	Semjase	461	406	
5211	Sem462	31	1230	Semjase	462	407	
5212	Sem463	31	1231	Semjase	463	407	
5213	Sem464	31	1232	Semjase	464	407	
5214	Sem465	31	1233	Semjase	465	407	
5215	Sem466	31	1234	Semjase	466	407	
5216	Sem467	31	1235	Semjase	467	407	
5217	Sem468	31	1236	Semjase	468	407	
5218	Pta477	31	1237	Ptaah	477	407	
5219	Pta478	31	1238	Ptaah	478	407	
5220	Pta479	31	1239	Ptaah	479	407	
5221	Pta480	31	1240	Ptaah	480	407	
5222	Pta481	31	1241	Ptaah	481	407	
5223	Pta482	31	1242	Ptaah	482	407	
5224	Sem469	31	1243	Semjase	469	407	
5225	Sem470	31	1244	Semjase	470	407	
5226	Sem471	31	1245	Semjase	471	407	
5227	Sem472	31	1246	Semjase	472	407	
5228	Sem473	31	1247	Semjase	473	407	
5229	Pta483	31	1248	Ptaah	483	408	
5230	Pta484	31	1249	Ptaah	484	408	
5231	Pta485	31	1250	Ptaah	485	408	
5232	Pta486	31	1251	Ptaah	486	408	
5233	Pta487	31	1252	Ptaah	487	408	
5234	Pta488	31	1253	Ptaah	488	408	
5235	Pta489	31	1254	Ptaah	489	408	
5236	Pta490	31	1255	Ptaah	490	408	
5237	Pta491	31	1256	Ptaah	491	408	
5238	Pta492	31	1257	Ptaah	492	408	
5239	Pta493	31	1258	Ptaah	493	408	
5240	Pta494	31	1259	Ptaah	494	408	
5241	Pta495	31	1260	Ptaah	495	408	
5242	Pta496	31	1261	Ptaah	496	408	
5243	Pta497	31	1262	Ptaah	497	408	
5244	Sem474	31	1263	Semjase	474	409	
5245	Sem475	31	1264	Semjase	475	409	
5246	Pta498	31	1265	Ptaah	498	409	
5247	Pta499	31	1266	Ptaah	499	409	
5248	Pta500	31	1267	Ptaah	500	409	
5249	Pta501	31	1268	Ptaah	501	409	
5250	Pta502	31	1269	Ptaah	502	409	
5251	Pta503	31	1270	Ptaah	503	409	
5252	Pta504	31	1271	Ptaah	504	409	
5253	Pta505	31	1272	Ptaah	505	409	
5254	Pta506	31	1273	Ptaah	506	409	
5255	Pta507	31	1274	Ptaah	507	409	
5256	Pta508	31	1275	Ptaah	508	409	
5257	Pta509	31	1276	Ptaah	509	409	
5258	Pta510	31	1277	Ptaah	510	409	
5259	Pta511	31	1278	Ptaah	511	409	
5260	Pta512	31	1279	Ptaah	512	409	
5261	Pta513	31	1280	Ptaah	513	409	
5262	Pta514	31	1281	Ptaah	514	409	
5263	Pta515	31	1282	Ptaah	515	409	
5264	Pta516	31	1283	Ptaah	516	409	
5265	Pta517	31	1284	Ptaah	517	410	
5266	Pta518	31	1285	Ptaah	518	410	
5267	Pta519	31	1286	Ptaah	519	410	
5268	Pta520	31	1287	Ptaah	520	410	
5269	Pta521	31	1288	Ptaah	521	410	
5270	Pta522	31	1289	Ptaah	522	410	
5271	Pta523	31	1290	Ptaah	523	410	
5272	Pta524	31	1291	Ptaah	524	410	
5273	Pta525	31	1292	Ptaah	525	410	
5274	Pta526	31	1293	Ptaah	526	410	
5275	Pta527	31	1294	Ptaah	527	410	
5276	Pta528	31	1295	Ptaah	528	410	
5277	Pta529	31	1296	Ptaah	529	410	
5278	Pta530	31	1297	Ptaah	530	410	
5279	Pta531	31	1298	Ptaah	531	410	
5280	Pta532	31	1299	Ptaah	532	410	
5281	Pta533	31	1300	Ptaah	533	410	
5282	Pta534	31	1301	Ptaah	534	410	
5283	Pta535	31	1302	Ptaah	535	410	
5284	Pta536	31	1303	Ptaah	536	410	
5285	Pta537	31	1304	Ptaah	537	410	
5286	Pta538	31	1305	Ptaah	538	410	
5287	Pta539	31	1306	Ptaah	539	410	
5288	Pta540	31	1307	Ptaah	540	410	
5289	Pta541	31	1308	Ptaah	541	410	
5290	Pta542	31	1309	Ptaah	542	410	
5291	Pta543	31	1310	Ptaah	543	411	
5292	Pta544	31	1311	Ptaah	544	411	
5293	Pta545	31	1312	Ptaah	545	411	
5294	Pta546	31	1313	Ptaah	546	411	
5295	Pta547	31	1314	Ptaah	547	411	
5296	Pta548	31	1315	Ptaah	548	411	
5297	Pta549	31	1316	Ptaah	549	411	
5298	Pta550	31	1317	Ptaah	550	411	
5299	Pta551	31	1318	Ptaah	551	411	
5300	Pta552	31	1319	Ptaah	552	411	
5301	Pta553	31	1320	Ptaah	553	411	
5302	Pta554	31	1321	Ptaah	554	411	
5303	Pta555	31	1322	Ptaah	555	411	
5304	Pta556	31	1323	Ptaah	556	411	
5305	Pta557	31	1324	Ptaah	557	411	
5306	Pta558	31	1325	Ptaah	558	411	
5307	Pta559	31	1326	Ptaah	559	411	
5308	Pta560	31	1327	Ptaah	560	411	
5309	Pta561	31	1328	Ptaah	561	411	
5310	Pta562	31	1329	Ptaah	562	411	
5311	Pta563	31	1330	Ptaah	563	411	
5312	Pta564	31	1331	Ptaah	564	412	
5313	Pta565	31	1332	Ptaah	565	412	
5314	Pta566	31	1333	Ptaah	566	412	
5315	Pta567	31	1334	Ptaah	567	412	
5316	Pta568	31	1335	Ptaah	568	412	
5317	Pta569	31	1336	Ptaah	569	412	
5318	Pta570	31	1337	Ptaah	570	412	
5319	Pta571	31	1338	Ptaah	571	412	
5320	Pta572	31	1339	Ptaah	572	412	
5321	Pta573	31	1340	Ptaah	573	412	
5322	Pta574	31	1341	Ptaah	574	412	
5323	Pta575	31	1342	Ptaah	575	412	
5324	Pta576	31	1343	Ptaah	576	412	
5325	Pta577	31	1344	Ptaah	577	412	
5326	Pta578	31	1345	Ptaah	578	412	
5327	Pta579	31	1346	Ptaah	579	412	
5328	Pta580	31	1347	Ptaah	580	412	
5329	Pta581	31	1348	Ptaah	581	412	
5330	Pta582	31	1349	Ptaah	582	412	
5331	Pta583	31	1350	Ptaah	583	412	
5332	Pta584	31	1351	Ptaah	584	412	
5333	Pta585	31	1352	Ptaah	585	412	
5334	Pta586	31	1353	Ptaah	586	412	
5335	Pta587	31	1354	Ptaah	587	412	
5336	Pta588	31	1355	Ptaah	588	412	
5337	Pta589	31	1356	Ptaah	589	412	
5338	Pta590	31	1357	Ptaah	590	412	
5339	Pta591	31	1358	Ptaah	591	413	
5340	Pta592	31	1359	Ptaah	592	413	
5341	Pta593	31	1360	Ptaah	593	413	
5342	Pta594	31	1361	Ptaah	594	413	
5343	Pta595	31	1362	Ptaah	595	413	
5344	Pta596	31	1363	Ptaah	596	413	
5345	Pta597	31	1364	Ptaah	597	413	
5346	Pta598	31	1365	Ptaah	598	413	
5347	Pta599	31	1366	Ptaah	599	413	
5348	Pta600	31	1367	Ptaah	600	413	
5349	Pta601	31	1368	Ptaah	601	413	
5350	Pta602	31	1369	Ptaah	602	413	
5351	Pta603	31	1370	Ptaah	603	413	
5352	Pta604	31	1371	Ptaah	604	413	
5353	Pta605	31	1372	Ptaah	605	413	
5354	Pta606	31	1373	Ptaah	606	413	
5355	Pta607	31	1374	Ptaah	607	413	
5356	Pta608	31	1375	Ptaah	608	413	
5357	Pta609	31	1376	Ptaah	609	413	
5358	Pta610	31	1377	Ptaah	610	413	
5359	Pta611	31	1378	Ptaah	611	413	
5360	Pta612	31	1379	Ptaah	612	413	
5361	Pta613	31	1380	Ptaah	613	413	
5362	Pta614	31	1381	Ptaah	614	413	
5363	Pta615	31	1382	Ptaah	615	413	
5364	Pta616	31	1383	Ptaah	616	414	
5365	Pta617	31	1384	Ptaah	617	414	
5366	Pta618	31	1385	Ptaah	618	414	
5367	Pta619	31	1386	Ptaah	619	414	
5368	Pta620	31	1387	Ptaah	620	414	
5369	Pta621	31	1388	Ptaah	621	414	
5370	Pta622	31	1389	Ptaah	622	414	
5371	Pta623	31	1390	Ptaah	623	414	
5372	Pta624	31	1391	Ptaah	624	414	
5373	Pta625	31	1392	Ptaah	625	414	
5374	Pta626	31	1393	Ptaah	626	414	
5375	Pta627	31	1394	Ptaah	627	414	
5376	Pta628	31	1395	Ptaah	628	414	
5377	Pta629	31	1396	Ptaah	629	414	
5378	Pta630	31	1397	Ptaah	630	414	
5379	Pta631	31	1398	Ptaah	631	414	
5380	Pta632	31	1399	Ptaah	632	414	
5381	Pta633	31	1400	Ptaah	633	414	
5382	Pta634	31	1401	Ptaah	634	414	
5383	Pta635	31	1402	Ptaah	635	414	
5384	Pta636	31	1403	Ptaah	636	414	
5385	Pta637	31	1404	Ptaah	637	414	
5386	Pta638	31	1405	Ptaah	638	414	
5387	Sem476	31	1406	Semjase	476	414	
5388	Sem477	31	1407	Semjase	477	415	
5389	Sem478	31	1408	Semjase	478	415	
5390	Pta639	31	1409	Ptaah	639	415	
5391	Pta640	31	1410	Ptaah	640	415	
5392	Pta641	31	1411	Ptaah	641	415	
5393	Pta642	31	1412	Ptaah	642	415	
5394	Sem479	31	1413	Semjase	479	415	
5395	Sem480	31	1414	Semjase	480	415	
5396	Sem481	31	1415	Semjase	481	415	
5397	Sem482	31	1416	Semjase	482	415	
5398	Sem483	31	1417	Semjase	483	415	
5399	Sem484	31	1418	Semjase	484	415	
5400	Sem485	31	1419	Semjase	485	415	
5401	Sem486	31	1420	Semjase	486	416	
5402	Sem487	31	1421	Semjase	487	416	
5403	Pta643	31	1422	Ptaah	643	416	
5404	Pta644	31	1423	Ptaah	644	416	
5405	Pta645	31	1424	Ptaah	645	416	
5406	Pta646	31	1425	Ptaah	646	416	
5407	Pta647	31	1426	Ptaah	647	416	
5408	Pta648	31	1427	Ptaah	648	416	
5409	Sem488	31	1428	Semjase	488	416	
5410	Pta649	31	1429	Ptaah	649	416	
5411	Pta650	31	1430	Ptaah	650	416	
5412	Pta651	31	1431	Ptaah	651	416	
5413	Pta652	31	1432	Ptaah	652	416	
5414	Pta653	31	1433	Ptaah	653	416	
5415	Pta654	31	1434	Ptaah	654	416	
5416	Pta655	31	1435	Ptaah	655	416	
5417	Pta656	31	1436	Ptaah	656	416	
5418	Pta657	31	1437	Ptaah	657	416	
5419	Pta658	31	1438	Ptaah	658	417	
5420	Pta659	31	1439	Ptaah	659	417	
5421	Pta660	31	1440	Ptaah	660	417	
5422	Pta661	31	1441	Ptaah	661	417	
5423	Pta662	31	1442	Ptaah	662	417	
5424	Pta663	31	1443	Ptaah	663	417	
5425	Pta664	31	1444	Ptaah	664	417	
5426	Pta665	31	1445	Ptaah	665	417	
5427	Pta666	31	1446	Ptaah	666	417	
5428	Pta667	31	1447	Ptaah	667	417	
5429	Pta668	31	1448	Ptaah	668	417	
5430	Pta669	31	1449	Ptaah	669	417	
5431	Pta670	31	1450	Ptaah	670	418	
5432	Pta671	31	1451	Ptaah	671	418	
5433	Sem489	31	1452	Semjase	489	418	
5434	Sem490	31	1453	Semjase	490	418	
5435	Sem491	31	1454	Semjase	491	418	
5436	Sem492	31	1455	Semjase	492	418	
5437	Sem493	31	1456	Semjase	493	418	
5438	Sem494	31	1457	Semjase	494	418	
5439	Sem495	31	1458	Semjase	495	418	
5440	Pta672	31	1459	Ptaah	672	418	
5441	Sem496	31	1460	Semjase	496	418	
5442	Pta673	31	1461	Ptaah	673	419	
5443	Sem497	31	1462	Semjase	497	419	
5444	Sem498	31	1463	Semjase	498	419	
5445	Pta674	31	1464	Ptaah	674	419	
5446	Pta675	31	1465	Ptaah	675	419	
5447	Pta676	31	1466	Ptaah	676	419	
5448	Pta677	31	1467	Ptaah	677	419	
5449	Pta678	31	1468	Ptaah	678	419	
5450	Pta679	31	1469	Ptaah	679	419	
5451	Pta680	31	1470	Ptaah	680	419	
5452	Sem499	31	1471	Semjase	499	419	
5453	Sem500	31	1472	Semjase	500	419	
5454	Sem501	31	1473	Semjase	501	419	
5455	Sem502	31	1474	Semjase	502	419	
5456	Sem503	31	1475	Semjase	503	420	
5457	Sem504	31	1476	Semjase	504	420	
5458	Pta681	31	1477	Ptaah	681	420	
5459	Pta682	31	1478	Ptaah	682	420	
5460	Sem505	31	1479	Semjase	505	420	
5461	Sem506	31	1480	Semjase	506	420	
5462	Sem507	31	1481	Semjase	507	420	
5463	Sem508	31	1482	Semjase	508	420	
5464	Sem509	31	1483	Semjase	509	420	
5465	Sem510	31	1484	Semjase	510	420	
5466	Sem511	31	1485	Semjase	511	420	
5467	Sem512	31	1486	Semjase	512	420	
5468	Sem513	31	1487	Semjase	513	420	
5469	Sem514	31	1488	Semjase	514	420	
5470	Sem515	31	1489	Semjase	515	421	
5471	Sem516	31	1490	Semjase	516	421	
5472	Sem517	31	1491	Semjase	517	421	
5473	Sem518	31	1492	Semjase	518	421	
5474	Sem519	31	1493	Semjase	519	421	
5475	Sem520	31	1494	Semjase	520	421	
5476	Sem521	31	1495	Semjase	521	421	
5477	Sem522	31	1496	Semjase	522	421	
5478	Sem523	31	1497	Semjase	523	421	
5479	Sem524	31	1498	Semjase	524	421	
5480	Sem525	31	1499	Semjase	525	421	
5481	Sem526	31	1500	Semjase	526	425	
5482	Sem527	31	1501	Semjase	527	425	
5483	Sem528	31	1502	Semjase	528	425	
5484	Sem529	31	1503	Semjase	529	425	
5485	Sem530	31	1504	Semjase	530	425	
5486	Sem531	31	1505	Semjase	531	426	
5487	Sem532	31	1506	Semjase	532	426	
5488	Sem533	31	1507	Semjase	533	426	
5489	Sem534	31	1508	Semjase	534	426	
5490	Sem535	31	1509	Semjase	535	426	
5491	Pta683	31	1510	Ptaah	683	426	
5492	Pta684	31	1511	Ptaah	684	426	
5493	Pta685	31	1512	Ptaah	685	426	
5494	Pta686	31	1513	Ptaah	686	426	
5495	Pta687	31	1514	Ptaah	687	426	
5496	Pta688	31	1515	Ptaah	688	426	
5497	Pta689	31	1516	Ptaah	689	426	
5498	Pta690	31	1517	Ptaah	690	426	
5499	Pta691	31	1518	Ptaah	691	426	
5500	Pta692	31	1519	Ptaah	692	426	
5501	Pta693	31	1520	Ptaah	693	426	
5502	Pta694	31	1521	Ptaah	694	426	
5503	Pta695	31	1522	Ptaah	695	426	
5504	Pta696	31	1523	Ptaah	696	427	
5505	Pta697	31	1524	Ptaah	697	427	
5506	Pta698	31	1525	Ptaah	698	427	
5507	Pta699	31	1526	Ptaah	699	427	
5508	Pta700	31	1527	Ptaah	700	427	
5509	Pta701	31	1528	Ptaah	701	427	
5510	Pta702	31	1529	Ptaah	702	427	
5511	Pta703	31	1530	Ptaah	703	427	
5512	Pta704	31	1531	Ptaah	704	427	
5513	Pta705	31	1532	Ptaah	705	427	
5514	Pta706	31	1533	Ptaah	706	427	
5515	Pta707	31	1534	Ptaah	707	427	
5516	Pta708	31	1535	Ptaah	708	427	
5517	Pta709	31	1536	Ptaah	709	427	
5518	Pta710	31	1537	Ptaah	710	427	
5519	Pta711	31	1538	Ptaah	711	427	
5520	Pta712	31	1539	Ptaah	712	427	
5521	Pta713	31	1540	Ptaah	713	427	
5522	Pta714	31	1541	Ptaah	714	427	
5523	Pta715	31	1542	Ptaah	715	427	
5524	Pta716	31	1543	Ptaah	716	428	
5525	Pta717	31	1544	Ptaah	717	428	
5526	Pta718	31	1545	Ptaah	718	428	
5527	Pta719	31	1546	Ptaah	719	428	
5528	Pta720	31	1547	Ptaah	720	428	
5529	Pta721	31	1548	Ptaah	721	428	
5530	Pta722	31	1549	Ptaah	722	428	
5531	Pta723	31	1550	Ptaah	723	428	
5532	Pta724	31	1551	Ptaah	724	428	
5533	Pta725	31	1552	Ptaah	725	428	
5534	Pta726	31	1553	Ptaah	726	428	
5535	Pta727	31	1554	Ptaah	727	428	
5536	Pta728	31	1555	Ptaah	728	428	
5537	Pta729	31	1556	Ptaah	729	428	
5538	Pta730	31	1557	Ptaah	730	428	
5539	Pta731	31	1558	Ptaah	731	428	
5540	Pta732	31	1559	Ptaah	732	428	
5541	Pta733	31	1560	Ptaah	733	428	
5542	Pta734	31	1561	Ptaah	734	429	
5543	Pta735	31	1562	Ptaah	735	429	
5544	Pta736	31	1563	Ptaah	736	429	
5545	Pta737	31	1564	Ptaah	737	429	
5546	Pta738	31	1565	Ptaah	738	429	
5547	Pta739	31	1566	Ptaah	739	429	
5548	Pta740	31	1567	Ptaah	740	429	
5549	Pta741	31	1568	Ptaah	741	429	
5550	Pta742	31	1569	Ptaah	742	429	
5551	Pta743	31	1570	Ptaah	743	429	
5552	Pta744	31	1571	Ptaah	744	429	
5553	Pta745	31	1572	Ptaah	745	429	
5554	Pta746	31	1573	Ptaah	746	429	
5555	Pta747	31	1574	Ptaah	747	429	
5556	Pta748	31	1575	Ptaah	748	429	
5557	Pta749	31	1576	Ptaah	749	429	
5558	Pta750	31	1577	Ptaah	750	429	
5559	Pta751	31	1578	Ptaah	751	429	
5560	Pta752	31	1579	Ptaah	752	429	
5561	Pta753	31	1580	Ptaah	753	429	
5562	Pta754	31	1581	Ptaah	754	429	
5563	Pta755	31	1582	Ptaah	755	429	
5564	Pta756	31	1583	Ptaah	756	429	
5565	Pta757	31	1584	Ptaah	757	429	
5566	Pta758	31	1585	Ptaah	758	429	
5567	Pta759	31	1586	Ptaah	759	429	
5568	Pta760	31	1587	Ptaah	760	429	
5569	Pta761	31	1588	Ptaah	761	429	
5570	Pta762	31	1589	Ptaah	762	429	
5571	Pta763	31	1590	Ptaah	763	430	
5572	Pta764	31	1591	Ptaah	764	430	
5573	Pta765	31	1592	Ptaah	765	430	
5574	Pta766	31	1593	Ptaah	766	430	
5575	Pta767	31	1594	Ptaah	767	430	
5576	Pta768	31	1595	Ptaah	768	430	
5577	Pta769	31	1596	Ptaah	769	430	
5578	Pta770	31	1597	Ptaah	770	430	
5579	Sem536	31	1598	Semjase	536	430	
5580	Sem537	31	1599	Semjase	537	430	
5581	Sem538	31	1600	Semjase	538	430	
5582	Sem539	31	1601	Semjase	539	430	
5583	Sem540	31	1602	Semjase	540	430	
5584	Sem541	31	1603	Semjase	541	430	
5585	Sem542	31	1604	Semjase	542	430	
5586	Sem543	31	1605	Semjase	543	430	
5587	Sem544	31	1606	Semjase	544	430	
5588	Sem545	31	1607	Semjase	545	430	
5589	Sem546	31	1608	Semjase	546	430	
5590	Sem547	31	1609	Semjase	547	430	
5591	Sem548	31	1610	Semjase	548	431	
5592	Sem549	31	1611	Semjase	549	431	
5593	Sem550	31	1612	Semjase	550	431	
5594	Sem551	31	1613	Semjase	551	431	
5595	Sem552	31	1614	Semjase	552	431	
5596	Sem553	31	1615	Semjase	553	431	
5597	Sem554	31	1616	Semjase	554	431	
5598	Sem555	31	1617	Semjase	555	431	
5599	Sem556	31	1618	Semjase	556	431	
5600	Sem557	31	1619	Semjase	557	431	
5601	Sem558	31	1620	Semjase	558	431	
5602	Sem559	31	1621	Semjase	559	431	
5603	Sem560	31	1622	Semjase	560	431	
5604	Sem561	31	1623	Semjase	561	432	
5605	Sem562	31	1624	Semjase	562	432	
5606	Sem563	31	1625	Semjase	563	432	
5607	Sem564	31	1626	Semjase	564	432	
5608	Sem565	31	1627	Semjase	565	432	
5609	Sem566	31	1628	Semjase	566	432	
5610	Sem567	31	1629	Semjase	567	432	
5611	Sem568	31	1630	Semjase	568	432	
5612	Sem569	31	1631	Semjase	569	432	
5613	Sem570	31	1632	Semjase	570	432	
5614	Sem571	31	1633	Semjase	571	432	
5615	Sem572	31	1634	Semjase	572	432	
5616	Sem573	31	1635	Semjase	573	432	
5617	Sem574	31	1636	Semjase	574	432	
5618	Sem575	31	1637	Semjase	575	432	
5619	Sem576	31	1638	Semjase	576	433	
5620	Sem577	31	1639	Semjase	577	433	
5621	Sem578	31	1640	Semjase	578	433	
5622	Sem579	31	1641	Semjase	579	433	
5623	Sem580	31	1642	Semjase	580	433	
5624	Sem581	31	1643	Semjase	581	433	
5625	Sem582	31	1644	Semjase	582	433	
5626	Sem583	31	1645	Semjase	583	433	
5627	Sem584	31	1646	Semjase	584	433	
5628	Sem585	31	1647	Semjase	585	433	
5629	Sem586	31	1648	Semjase	586	433	
5630	Sem587	31	1649	Semjase	587	433	
5631	Sem588	31	1650	Semjase	588	433	
5632	Sem589	31	1651	Semjase	589	433	
5633	Sem590	31	1652	Semjase	590	433	
5634	Sem591	31	1653	Semjase	591	434	
5635	Sem592	31	1654	Semjase	592	434	
5636	Sem593	31	1655	Semjase	593	434	
5637	Sem594	31	1656	Semjase	594	434	
5638	Sem595	31	1657	Semjase	595	434	
5639	Sem596	31	1658	Semjase	596	434	
5640	Sem597	31	1659	Semjase	597	434	
5641	Sem598	31	1660	Semjase	598	434	
5642	Sem599	31	1661	Semjase	599	434	
5643	Sem600	31	1662	Semjase	600	434	
5644	Sem601	31	1663	Semjase	601	434	
5645	Sem602	31	1664	Semjase	602	434	
5646	Sem603	31	1665	Semjase	603	434	
5647	Sem604	31	1666	Semjase	604	434	
5648	Sem605	31	1667	Semjase	605	434	
5649	Sem606	31	1668	Semjase	606	434	
5650	Sem607	31	1669	Semjase	607	434	
5651	Sem608	31	1670	Semjase	608	434	
5652	Sem609	31	1671	Semjase	609	434	
5653	Sem610	31	1672	Semjase	610	434	
5654	Sem611	31	1673	Semjase	611	434	
5655	Sem612	31	1674	Semjase	612	435	
5656	Sem613	31	1675	Semjase	613	435	
5657	Sem614	31	1676	Semjase	614	435	
5658	Sem615	31	1677	Semjase	615	435	
5659	Sem616	31	1678	Semjase	616	435	
5660	Sem617	31	1679	Semjase	617	435	
5661	Sem618	31	1680	Semjase	618	435	
5662	Sem619	31	1681	Semjase	619	435	
5663	Sem620	31	1682	Semjase	620	435	
5664	Sem621	31	1683	Semjase	621	435	
5665	Sem622	31	1684	Semjase	622	435	
5666	Sem623	31	1685	Semjase	623	435	
5667	Sem624	31	1686	Semjase	624	435	
5668	Sem625	31	1687	Semjase	625	435	
5669	Sem626	31	1688	Semjase	626	435	
5670	Sem627	31	1689	Semjase	627	435	
5671	Sem628	31	1690	Semjase	628	435	
5672	Sem629	31	1691	Semjase	629	435	
5673	Sem630	31	1692	Semjase	630	435	
5674	Sem631	31	1693	Semjase	631	436	
5675	Sem632	31	1694	Semjase	632	436	
5676	Sem633	31	1695	Semjase	633	436	
5677	Sem634	31	1696	Semjase	634	436	
5678	Sem635	31	1697	Semjase	635	436	
5679	Sem636	31	1698	Semjase	636	436	
5680	Sem637	31	1699	Semjase	637	436	
5681	Sem638	31	1700	Semjase	638	436	
5682	Sem639	31	1701	Semjase	639	436	
5683	Sem640	31	1702	Semjase	640	436	
5684	Sem641	31	1703	Semjase	641	436	
5685	Sem642	31	1704	Semjase	642	436	
5686	Sem643	31	1705	Semjase	643	436	
5687	Sem644	31	1706	Semjase	644	436	
5688	Sem645	31	1707	Semjase	645	436	
5689	Sem646	31	1708	Semjase	646	436	
5690	Sem647	31	1709	Semjase	647	436	
5691	Sem648	31	1710	Semjase	648	436	
5692	Sem649	31	1711	Semjase	649	436	
5693	Sem650	31	1712	Semjase	650	437	
5694	Sem651	31	1713	Semjase	651	437	
5695	Sem652	31	1714	Semjase	652	437	
5696	Sem653	31	1715	Semjase	653	437	
5697	Sem654	31	1716	Semjase	654	437	
5698	Sem655	31	1717	Semjase	655	437	
5699	Sem656	31	1718	Semjase	656	437	
5700	Sem657	31	1719	Semjase	657	437	
5701	Sem658	31	1720	Semjase	658	437	
5702	Sem659	31	1721	Semjase	659	437	
5703	Sem660	31	1722	Semjase	660	437	
5704	Sem661	31	1723	Semjase	661	437	
5705	Sem662	31	1724	Semjase	662	437	
5706	Sem663	31	1725	Semjase	663	437	
5707	Sem664	31	1726	Semjase	664	437	
5708	Sem665	31	1727	Semjase	665	437	
5709	Sem666	31	1728	Semjase	666	437	
5710	Pta771	31	1729	Ptaah	771	438	
5711	Pta772	31	1730	Ptaah	772	438	
5712	Pta773	31	1731	Ptaah	773	438	
5713	Pta774	31	1732	Ptaah	774	438	
5714	Pta775	31	1733	Ptaah	775	438	
5715	Pta776	31	1734	Ptaah	776	439	
5716	Pta777	31	1735	Ptaah	777	439	
5717	Sem667	31	1736	Semjase	667	439	
5718	Pta778	31	1737	Ptaah	778	439	
5719	Sem668	31	1738	Semjase	668	439	
5720	Pta779	31	1739	Ptaah	779	439	
5721	Pta780	31	1740	Ptaah	780	439	
5722	Pta781	31	1741	Ptaah	781	440	
5723	Pta782	31	1742	Ptaah	782	440	
5724	Pta783	31	1743	Ptaah	783	440	
5725	Pta784	31	1744	Ptaah	784	440	
5726	Pta785	31	1745	Ptaah	785	440	
5727	Pta786	31	1746	Ptaah	786	440	
5728	Pta787	31	1747	Ptaah	787	440	
5729	Pta788	31	1748	Ptaah	788	440	
5730	Pta789	31	1749	Ptaah	789	440	
5731	Pta790	31	1750	Ptaah	790	440	
5732	Pta791	31	1751	Ptaah	791	440	
5733	Pta792	31	1752	Ptaah	792	441	
5734	Pta793	31	1753	Ptaah	793	441	
5735	Pta794	31	1754	Ptaah	794	441	
5736	Pta795	31	1755	Ptaah	795	441	
5737	Pta796	31	1756	Ptaah	796	441	
5738	Pta797	31	1757	Ptaah	797	441	
5739	Pta798	31	1758	Ptaah	798	441	
5740	Pta799	31	1759	Ptaah	799	441	
5741	Pta800	31	1760	Ptaah	800	441	
5742	Pta801	31	1761	Ptaah	801	441	
5743	Pta802	31	1762	Ptaah	802	441	
5744	Pta803	31	1763	Ptaah	803	441	
5745	Pta804	31	1764	Ptaah	804	441	
5746	Pta805	31	1765	Ptaah	805	441	
5747	Pta806	31	1766	Ptaah	806	441	
5748	Pta807	31	1767	Ptaah	807	441	
5749	Pta808	31	1768	Ptaah	808	441	
5750	Pta809	31	1769	Ptaah	809	441	
5751	Pta810	31	1770	Ptaah	810	441	
5752	Pta811	31	1771	Ptaah	811	441	
5753	Pta812	31	1772	Ptaah	812	441	
5754	Pta813	31	1773	Ptaah	813	441	
5755	Pta814	31	1774	Ptaah	814	441	
5756	Pta815	31	1775	Ptaah	815	441	
5757	Pta816	31	1776	Ptaah	816	441	
5758	Pta817	31	1777	Ptaah	817	441	
5759	Pta818	31	1778	Ptaah	818	441	
5760	Pta819	31	1779	Ptaah	819	442	
5761	Pta820	31	1780	Ptaah	820	442	
5762	Pta821	31	1781	Ptaah	821	442	
5763	Pta822	31	1782	Ptaah	822	442	
5764	Pta823	31	1783	Ptaah	823	442	
5765	Pta824	31	1784	Ptaah	824	442	
5766	Pta825	31	1785	Ptaah	825	442	
5767	Pta826	31	1786	Ptaah	826	442	
5768	Pta827	31	1787	Ptaah	827	442	
5769	Pta828	31	1788	Ptaah	828	442	
5770	Pta829	31	1789	Ptaah	829	442	
5771	Pta830	31	1790	Ptaah	830	442	
5772	Pta831	31	1791	Ptaah	831	442	
5773	Pta832	31	1792	Ptaah	832	442	
5774	Pta833	31	1793	Ptaah	833	442	
5775	Pta834	31	1794	Ptaah	834	442	
5776	Pta835	31	1795	Ptaah	835	442	
5777	Pta836	31	1796	Ptaah	836	442	
5778	Pta837	31	1797	Ptaah	837	442	
5779	Pta838	31	1798	Ptaah	838	442	
5780	Pta839	31	1799	Ptaah	839	442	
5781	Pta840	31	1800	Ptaah	840	442	
5782	Pta841	31	1801	Ptaah	841	442	
5783	Pta842	31	1802	Ptaah	842	442	
5784	Pta843	31	1803	Ptaah	843	442	
5785	Pta844	31	1804	Ptaah	844	443	
5786	Pta845	31	1805	Ptaah	845	443	
5787	Pta846	31	1806	Ptaah	846	443	
5788	Pta847	31	1807	Ptaah	847	443	
5789	Pta848	31	1808	Ptaah	848	443	
5790	Pta849	31	1809	Ptaah	849	443	
5791	Pta850	31	1810	Ptaah	850	443	
5792	Pta851	31	1811	Ptaah	851	443	
5793	Pta852	31	1812	Ptaah	852	443	
5794	Pta853	31	1813	Ptaah	853	443	
5795	Pta854	31	1814	Ptaah	854	443	
5796	Pta855	31	1815	Ptaah	855	443	
5797	Pta856	31	1816	Ptaah	856	443	
5798	Pta857	31	1817	Ptaah	857	443	
5799	Pta858	31	1818	Ptaah	858	443	
5800	Pta859	31	1819	Ptaah	859	443	
5801	Pta860	31	1820	Ptaah	860	443	
5802	Pta861	31	1821	Ptaah	861	443	
5803	Pta862	31	1822	Ptaah	862	443	
5804	Pta863	31	1823	Ptaah	863	443	
5805	Pta864	31	1824	Ptaah	864	443	
5806	Pta865	31	1825	Ptaah	865	443	
5807	Pta866	31	1826	Ptaah	866	443	
5808	Pta867	31	1827	Ptaah	867	443	
5809	Pta868	31	1828	Ptaah	868	444	
5810	Pta869	31	1829	Ptaah	869	444	
5811	Pta870	31	1830	Ptaah	870	444	
5812	Pta871	31	1831	Ptaah	871	444	
5813	Pta872	31	1832	Ptaah	872	444	
5814	Pta873	31	1833	Ptaah	873	444	
5815	Pta874	31	1834	Ptaah	874	444	
5816	Pta875	31	1835	Ptaah	875	444	
5817	Pta876	31	1836	Ptaah	876	444	
5818	Pta877	31	1837	Ptaah	877	444	
5819	Pta878	31	1838	Ptaah	878	444	
5820	Pta879	31	1839	Ptaah	879	444	
5821	Pta880	31	1840	Ptaah	880	444	
5822	Pta881	31	1841	Ptaah	881	444	
5823	Pta882	31	1842	Ptaah	882	444	
5824	Pta883	31	1843	Ptaah	883	444	
5825	Pta884	31	1844	Ptaah	884	444	
5826	Pta885	31	1845	Ptaah	885	444	
5827	Pta886	31	1846	Ptaah	886	444	
5828	Pta887	31	1847	Ptaah	887	444	
5829	Pta888	31	1848	Ptaah	888	444	
5830	Pta889	31	1849	Ptaah	889	444	
5831	Pta890	31	1850	Ptaah	890	444	
5832	Pta891	31	1851	Ptaah	891	444	
5833	Pta892	31	1852	Ptaah	892	444	
5834	Pta893	31	1853	Ptaah	893	445	
5835	Pta894	31	1854	Ptaah	894	445	
5836	Pta895	31	1855	Ptaah	895	445	
5837	Pta896	31	1856	Ptaah	896	445	
5838	Pta897	31	1857	Ptaah	897	445	
5839	Pta898	31	1858	Ptaah	898	445	
5840	Pta899	31	1859	Ptaah	899	445	
5841	Pta900	31	1860	Ptaah	900	445	
5842	Pta901	31	1861	Ptaah	901	445	
5843	Pta902	31	1862	Ptaah	902	445	
5844	Pta903	31	1863	Ptaah	903	445	
5845	Pta904	31	1864	Ptaah	904	445	
5846	Pta905	31	1865	Ptaah	905	445	
5847	Pta906	31	1866	Ptaah	906	445	
5848	Pta907	31	1867	Ptaah	907	445	
5849	Pta908	31	1868	Ptaah	908	445	
5850	Pta909	31	1869	Ptaah	909	445	
5851	Pta910	31	1870	Ptaah	910	445	
5852	Pta911	31	1871	Ptaah	911	445	
5853	Pta912	31	1872	Ptaah	912	445	
5854	Pta913	31	1873	Ptaah	913	445	
5855	Pta914	31	1874	Ptaah	914	445	
5856	Pta915	31	1875	Ptaah	915	445	
5857	Pta916	31	1876	Ptaah	916	445	
5858	Pta917	31	1877	Ptaah	917	445	
5859	Pta918	31	1878	Ptaah	918	445	
5860	Pta919	31	1879	Ptaah	919	446	
5861	Pta920	31	1880	Ptaah	920	446	
5862	Pta921	31	1881	Ptaah	921	446	
5863	Pta922	31	1882	Ptaah	922	446	
5864	Pta923	31	1883	Ptaah	923	446	
5865	Pta924	31	1884	Ptaah	924	446	
5866	Pta925	31	1885	Ptaah	925	446	
5867	Pta926	31	1886	Ptaah	926	446	
5868	Pta927	31	1887	Ptaah	927	447	
5869	Pta928	31	1888	Ptaah	928	447	
5870	Pta929	31	1889	Ptaah	929	447	
5871	Pta930	31	1890	Ptaah	930	447	
5872	Pta931	31	1891	Ptaah	931	447	
5873	Pta932	31	1892	Ptaah	932	447	
5874	Pta933	31	1893	Ptaah	933	447	
5875	Pta934	31	1894	Ptaah	934	447	
5876	Pta935	31	1895	Ptaah	935	447	
5877	Pta936	31	1896	Ptaah	936	447	
5878	Pta937	31	1897	Ptaah	937	447	
5879	Pta938	31	1898	Ptaah	938	447	
5880	Pta939	31	1899	Ptaah	939	447	
5881	Pta940	31	1900	Ptaah	940	447	
5882	Pta941	31	1901	Ptaah	941	447	
5883	Pta942	31	1902	Ptaah	942	447	
5884	Pta943	31	1903	Ptaah	943	447	
5885	Pta944	31	1904	Ptaah	944	447	
5886	Pta945	31	1905	Ptaah	945	447	
5887	Pta946	31	1906	Ptaah	946	447	
5888	Pta947	31	1907	Ptaah	947	447	
5889	Pta948	31	1908	Ptaah	948	447	
5890	Pta949	31	1909	Ptaah	949	447	
5891	Pta950	31	1910	Ptaah	950	447	
5892	Pta951	31	1911	Ptaah	951	448	
5893	Pta952	31	1912	Ptaah	952	448	
5894	Pta953	31	1913	Ptaah	953	448	
5895	Pta954	31	1914	Ptaah	954	448	
5896	Pta955	31	1915	Ptaah	955	448	
5897	Pta956	31	1916	Ptaah	956	448	
5898	Pta957	31	1917	Ptaah	957	448	
5899	Pta958	31	1918	Ptaah	958	448	
5900	Pta959	31	1919	Ptaah	959	448	
5901	Pta960	31	1920	Ptaah	960	448	
5902	Pta961	31	1921	Ptaah	961	448	
5903	Pta962	31	1922	Ptaah	962	448	
5904	Pta963	31	1923	Ptaah	963	448	
5905	Pta964	31	1924	Ptaah	964	448	
5906	Pta965	31	1925	Ptaah	965	448	
5907	Pta966	31	1926	Ptaah	966	448	
5908	Pta967	31	1927	Ptaah	967	448	
5909	Pta968	31	1928	Ptaah	968	448	
5910	Pta969	31	1929	Ptaah	969	448	
5911	Pta970	31	1930	Ptaah	970	448	
5912	Pta971	31	1931	Ptaah	971	449	
5913	Pta972	31	1932	Ptaah	972	449	
5914	Pta973	31	1933	Ptaah	973	449	
5915	Pta974	31	1934	Ptaah	974	449	
5916	Pta975	31	1935	Ptaah	975	449	
5917	Pta976	31	1936	Ptaah	976	449	
5918	Pta977	31	1937	Ptaah	977	449	
5919	Pta978	31	1938	Ptaah	978	449	
5920	Pta979	31	1939	Ptaah	979	449	
5921	Pta980	31	1940	Ptaah	980	449	
5922	Pta981	31	1941	Ptaah	981	449	
5923	Pta982	31	1942	Ptaah	982	449	
5924	Pta983	31	1943	Ptaah	983	449	
5925	Pta984	31	1944	Ptaah	984	449	
5926	Pta985	31	1945	Ptaah	985	449	
5927	Pta986	31	1946	Ptaah	986	449	
5928	Pta987	31	1947	Ptaah	987	449	
5929	Pta988	31	1948	Ptaah	988	449	
5930	Pta989	31	1949	Ptaah	989	449	
5931	Pta990	31	1950	Ptaah	990	449	
5932	Pta991	31	1951	Ptaah	991	449	
5933	Pta992	31	1952	Ptaah	992	449	
5934	Pta993	31	1953	Ptaah	993	449	
5935	Pta994	31	1954	Ptaah	994	450	
5936	Pta995	31	1955	Ptaah	995	450	
5937	Pta996	31	1956	Ptaah	996	450	
5938	Pta997	31	1957	Ptaah	997	450	
5939	Pta998	31	1958	Ptaah	998	450	
5940	Pta999	31	1959	Ptaah	999	450	
5941	Pta1000	31	1960	Ptaah	1000	450	
5942	Pta1001	31	1961	Ptaah	1001	450	
5943	Pta1002	31	1962	Ptaah	1002	450	
5944	Pta1003	31	1963	Ptaah	1003	450	
5945	Pta1004	31	1964	Ptaah	1004	450	
5946	Pta1005	31	1965	Ptaah	1005	450	
5947	Pta1006	31	1966	Ptaah	1006	450	
5948	Pta1007	31	1967	Ptaah	1007	450	
5949	Pta1008	31	1968	Ptaah	1008	450	
5950	Pta1009	31	1969	Ptaah	1009	450	
5951	Pta1010	31	1970	Ptaah	1010	450	
5952	Pta1011	31	1971	Ptaah	1011	450	
5953	Pta1012	31	1972	Ptaah	1012	450	
5954	Pta1013	31	1973	Ptaah	1013	450	
5955	Pta1014	31	1974	Ptaah	1014	450	
5956	Pta1015	31	1975	Ptaah	1015	450	
5957	Pta1016	31	1976	Ptaah	1016	450	
5958	Pta1017	31	1977	Ptaah	1017	450	
5959	Pta1018	31	1978	Ptaah	1018	451	
5960	Pta1019	31	1979	Ptaah	1019	451	
5961	Pta1020	31	1980	Ptaah	1020	451	
5962	Pta1021	31	1981	Ptaah	1021	451	
5963	Pta1022	31	1982	Ptaah	1022	451	
5964	Pta1023	31	1983	Ptaah	1023	451	
5965	Pta1024	31	1984	Ptaah	1024	451	
5966	Pta1025	31	1985	Ptaah	1025	451	
5967	Pta1026	31	1986	Ptaah	1026	451	
5968	Pta1027	31	1987	Ptaah	1027	451	
5969	Pta1028	31	1988	Ptaah	1028	451	
5970	Pta1029	31	1989	Ptaah	1029	451	
5971	Pta1030	31	1990	Ptaah	1030	451	
5972	Pta1031	31	1991	Ptaah	1031	451	
5973	Pta1032	31	1992	Ptaah	1032	451	
5974	Pta1033	31	1993	Ptaah	1033	451	
5975	Pta1034	31	1994	Ptaah	1034	451	
5976	Pta1035	31	1995	Ptaah	1035	451	
5977	Pta1036	31	1996	Ptaah	1036	451	
5978	Pta1037	31	1997	Ptaah	1037	452	
5979	Pta1038	31	1998	Ptaah	1038	452	
5980	Pta1039	31	1999	Ptaah	1039	452	
5981	Pta1040	31	2000	Ptaah	1040	452	
5982	Pta1041	31	2001	Ptaah	1041	452	
5983	Pta1042	31	2002	Ptaah	1042	452	
5984	Pta1043	31	2003	Ptaah	1043	452	
5985	Pta1044	31	2004	Ptaah	1044	452	
5986	Pta1045	31	2005	Ptaah	1045	452	
5987	Pta1046	31	2006	Ptaah	1046	452	
5988	Pta1047	31	2007	Ptaah	1047	452	
5989	Pta1048	31	2008	Ptaah	1048	452	
5990	Pta1049	31	2009	Ptaah	1049	452	
5991	Pta1050	31	2010	Ptaah	1050	452	
5992	Pta1051	31	2011	Ptaah	1051	452	
5993	Pta1052	31	2012	Ptaah	1052	452	
5994	Pta1053	31	2013	Ptaah	1053	452	
5995	Pta1054	31	2014	Ptaah	1054	452	
5996	Pta1055	31	2015	Ptaah	1055	452	
5997	Pta1056	31	2016	Ptaah	1056	452	
5998	Pta1057	31	2017	Ptaah	1057	452	
5999	Pta1058	31	2018	Ptaah	1058	452	
6000	Pta1059	31	2019	Ptaah	1059	453	
6001	Pta1060	31	2020	Ptaah	1060	453	
6002	Pta1061	31	2021	Ptaah	1061	453	
6003	Pta1062	31	2022	Ptaah	1062	453	
6004	Pta1063	31	2023	Ptaah	1063	453	
6005	Pta1064	31	2024	Ptaah	1064	453	
6006	Pta1065	31	2025	Ptaah	1065	453	
6007	Pta1066	31	2026	Ptaah	1066	453	
6008	Pta1067	31	2027	Ptaah	1067	453	
6009	Pta1068	31	2028	Ptaah	1068	453	
6010	Pta1069	31	2029	Ptaah	1069	453	
6011	Pta1070	31	2030	Ptaah	1070	453	
6012	Pta1071	31	2031	Ptaah	1071	453	
6013	Pta1072	31	2032	Ptaah	1072	453	
6014	Pta1073	31	2033	Ptaah	1073	453	
6015	Pta1074	31	2034	Ptaah	1074	453	
6016	Pta1075	31	2035	Ptaah	1075	453	
6017	Pta1076	31	2036	Ptaah	1076	453	
6018	Pta1077	31	2037	Ptaah	1077	453	
6019	Pta1078	31	2038	Ptaah	1078	454	
6020	Pta1079	31	2039	Ptaah	1079	454	
6021	Pta1080	31	2040	Ptaah	1080	454	
6022	Pta1081	31	2041	Ptaah	1081	454	
6023	Pta1082	31	2042	Ptaah	1082	454	
6024	Pta1083	31	2043	Ptaah	1083	454	
6025	Pta1084	31	2044	Ptaah	1084	454	
6026	Pta1085	31	2045	Ptaah	1085	454	
6027	Pta1086	31	2046	Ptaah	1086	454	
6028	Pta1087	31	2047	Ptaah	1087	454	
6029	Pta1088	31	2048	Ptaah	1088	454	
6030	Pta1089	31	2049	Ptaah	1089	454	
6031	Pta1090	31	2050	Ptaah	1090	454	
6032	Pta1091	31	2051	Ptaah	1091	454	
6033	Pta1092	31	2052	Ptaah	1092	454	
6034	Pta1093	31	2053	Ptaah	1093	454	
6035	Pta1094	31	2054	Ptaah	1094	454	
6036	Pta1095	31	2055	Ptaah	1095	454	
6037	Pta1096	31	2056	Ptaah	1096	454	
6038	Pta1097	31	2057	Ptaah	1097	455	
6039	Pta1098	31	2058	Ptaah	1098	455	
6040	Pta1099	31	2059	Ptaah	1099	455	
6041	Pta1100	31	2060	Ptaah	1100	455	
6042	Pta1101	31	2061	Ptaah	1101	455	
6043	Pta1102	31	2062	Ptaah	1102	455	
6044	Pta1103	31	2063	Ptaah	1103	455	
6045	Pta1104	31	2064	Ptaah	1104	455	
6046	Pta1105	31	2065	Ptaah	1105	455	
6047	Pta1106	31	2066	Ptaah	1106	455	
6048	Pta1107	31	2067	Ptaah	1107	455	
6049	Pta1108	31	2068	Ptaah	1108	455	
6050	Pta1109	31	2069	Ptaah	1109	455	
6051	Pta1110	31	2070	Ptaah	1110	455	
6052	Pta1111	31	2071	Ptaah	1111	455	
6053	Pta1112	31	2072	Ptaah	1112	455	
6054	Pta1113	31	2073	Ptaah	1113	455	
6055	Pta1114	31	2074	Ptaah	1114	455	
6056	Pta1115	31	2075	Ptaah	1115	455	
6057	Pta1116	31	2076	Ptaah	1116	455	
6058	Pta1117	31	2077	Ptaah	1117	455	
6059	Pta1118	31	2078	Ptaah	1118	455	
6060	Pta1119	31	2079	Ptaah	1119	456	
6061	Pta1120	31	2080	Ptaah	1120	456	
6062	Pta1121	31	2081	Ptaah	1121	456	
6063	Pta1122	31	2082	Ptaah	1122	456	
6064	Pta1123	31	2083	Ptaah	1123	456	
6065	Pta1124	31	2084	Ptaah	1124	456	
6066	Pta1125	31	2085	Ptaah	1125	456	
6067	Pta1126	31	2086	Ptaah	1126	456	
6068	Pta1127	31	2087	Ptaah	1127	456	
6069	Pta1128	31	2088	Ptaah	1128	456	
6070	Pta1129	31	2089	Ptaah	1129	456	
6071	Pta1130	31	2090	Ptaah	1130	456	
6072	Pta1131	31	2091	Ptaah	1131	456	
6073	Pta1132	31	2092	Ptaah	1132	456	
6074	Pta1133	31	2093	Ptaah	1133	456	
6075	Pta1134	31	2094	Ptaah	1134	456	
6076	Pta1135	31	2095	Ptaah	1135	457	
6077	Pta1136	31	2096	Ptaah	1136	457	
6078	Pta1137	31	2097	Ptaah	1137	457	
6079	Pta1138	31	2098	Ptaah	1138	457	
6080	Pta1139	31	2099	Ptaah	1139	457	
6081	Pta1140	31	2100	Ptaah	1140	457	
6082	Pta1141	31	2101	Ptaah	1141	457	
6083	Pta1142	31	2102	Ptaah	1142	457	
6084	Pta1143	31	2103	Ptaah	1143	457	
6085	Pta1144	31	2104	Ptaah	1144	457	
6086	Pta1145	31	2105	Ptaah	1145	457	
6087	Pta1146	31	2106	Ptaah	1146	457	
6088	Pta1147	31	2107	Ptaah	1147	457	
6089	Pta1148	31	2108	Ptaah	1148	457	
6090	Pta1149	31	2109	Ptaah	1149	457	
6091	Pta1150	31	2110	Ptaah	1150	457	
6092	Pta1151	31	2111	Ptaah	1151	457	
6093	Pta1152	31	2112	Ptaah	1152	457	
6094	Pta1153	31	2113	Ptaah	1153	458	
6095	Pta1154	31	2114	Ptaah	1154	458	
6096	Pta1155	31	2115	Ptaah	1155	458	
6097	Pta1156	31	2116	Ptaah	1156	458	
6098	Pta1157	31	2117	Ptaah	1157	458	
6099	Pta1158	31	2118	Ptaah	1158	458	
6100	Pta1159	31	2119	Ptaah	1159	458	
6101	Pta1160	31	2120	Ptaah	1160	458	
6102	Pta1161	31	2121	Ptaah	1161	458	
6103	Pta1162	31	2122	Ptaah	1162	458	
6104	Pta1163	31	2123	Ptaah	1163	458	
6105	Pta1164	31	2124	Ptaah	1164	458	
6106	Pta1165	31	2125	Ptaah	1165	458	
6107	Pta1166	31	2126	Ptaah	1166	458	
6108	Pta1167	31	2127	Ptaah	1167	458	
6109	Pta1168	31	2128	Ptaah	1168	458	
6110	Pta1169	31	2129	Ptaah	1169	458	
6111	Pta1170	31	2130	Ptaah	1170	458	
6112	Pta1171	31	2131	Ptaah	1171	458	
6113	Pta1172	31	2132	Ptaah	1172	458	
6114	Pta1173	31	2133	Ptaah	1173	458	
6115	Pta1174	31	2134	Ptaah	1174	458	
6116	Pta1175	31	2135	Ptaah	1175	458	
6117	Pta1176	31	2136	Ptaah	1176	458	
6118	Ask1	31a-asket1	1	Asket	1	308	
6119	Ask2	31a-asket1	2	Asket	2	308	
6120	Ask3	31a-asket1	3	Asket	3	308	
6121	Ask4	31a-asket1	4	Asket	4	308	
6122	Ask5	31a-asket1	5	Asket	5	308	
6123	Ask6	31a-asket1	6	Asket	6	308	
6124	Ask7	31a-asket1	7	Asket	7	308	
6125	Ask8	31a-asket1	8	Asket	8	308	
6126	Ask9	31a-asket1	9	Asket	9	308	
6127	Ask10	31a-asket1	10	Asket	10	308	
6128	Ask11	31a-asket1	11	Asket	11	308	
6129	Ask12	31a-asket1	12	Asket	12	308	
6130	Ask13	31a-asket1	13	Asket	13	308	
6131	Ask14	31a-asket1	14	Asket	14	308	
6132	Ask15	31a-asket1	15	Asket	15	308	
6133	Ask16	31a-asket1	16	Asket	16	308	
6134	Ask17	31a-asket1	17	Asket	17	309	
6135	Ask18	31a-asket1	18	Asket	18	309	
6136	Ask19	31a-asket1	19	Asket	19	309	
6137	Ask20	31a-asket1	20	Asket	20	309	
6138	Ask21	31a-asket1	21	Asket	21	309	
6139	Ask22	31a-asket1	22	Asket	22	309	
6140	Ask23	31a-asket1	23	Asket	23	309	
6141	Ask24	31a-asket1	24	Asket	24	309	
6142	Ask25	31a-asket1	25	Asket	25	309	
6143	Ask26	31a-asket1	26	Asket	26	309	
6144	Ask27	31a-asket1	27	Asket	27	309	
6145	Ask28	31a-asket1	28	Asket	28	309	
6146	Ask29	31a-asket1	29	Asket	29	309	
6147	Ask30	31a-asket1	30	Asket	30	309	
6148	Ask31	31a-asket1	31	Asket	31	309	
6149	Ask32	31a-asket1	32	Asket	32	309	
6150	Ask33	31a-asket1	33	Asket	33	309	
6151	Ask34	31a-asket1	34	Asket	34	309	
6152	Ask35	31a-asket1	35	Asket	35	309	
6153	Ask36	31a-asket1	36	Asket	36	309	
6154	Ask37	31a-asket1	37	Asket	37	309	
6155	Ask38	31a-asket1	38	Asket	38	309	
6156	Ask39	31a-asket1	39	Asket	39	309	
6157	Ask40	31a-asket1	40	Asket	40	309	
6158	Ask41	31a-asket1	41	Asket	41	309	
6159	Ask42	31a-asket1	42	Asket	42	309	
6160	Ask43	31a-asket1	43	Asket	43	309	
6161	Ask44	31a-asket1	44	Asket	44	310	
6162	Ask45	31a-asket1	45	Asket	45	310	
6163	Ask46	31a-asket1	46	Asket	46	310	
6164	Ask47	31a-asket1	47	Asket	47	310	
6165	Ask48	31a-asket1	48	Asket	48	310	
6166	Ask49	31a-asket1	49	Asket	49	310	
6167	Ask50	31a-asket1	50	Asket	50	310	
6168	Ask51	31a-asket1	51	Asket	51	310	
6169	Ask52	31a-asket1	52	Asket	52	310	
6170	Ask53	31a-asket1	53	Asket	53	310	
6171	Ask54	31a-asket1	54	Asket	54	310	
6172	Ask55	31a-asket1	55	Asket	55	310	
6173	Ask56	31a-asket1	56	Asket	56	310	
6174	Ask57	31a-asket1	57	Asket	57	310	
6175	Ask58	31a-asket1	58	Asket	58	310	
6176	Ask59	31a-asket1	59	Asket	59	310	
6177	Ask60	31a-asket1	60	Asket	60	310	
6178	Ask61	31a-asket1	61	Asket	61	310	
6179	Ask62	31a-asket1	62	Asket	62	310	
6180	Ask63	31a-asket1	63	Asket	63	310	
6181	Ask64	31a-asket1	64	Asket	64	310	
6182	Ask65	31a-asket1	65	Asket	65	310	
6183	Ask66	31a-asket1	66	Asket	66	310	
6184	Ask67	31a-asket1	67	Asket	67	310	
6185	Ask68	31a-asket1	68	Asket	68	310	
6186	Ask69	31a-asket1	69	Asket	69	311	
6187	Ask70	31a-asket1	70	Asket	70	311	
6188	Ask71	31a-asket1	71	Asket	71	311	
6189	Ask72	31a-asket1	72	Asket	72	311	
6190	Ask73	31a-asket1	73	Asket	73	311	
6191	Ask74	31a-asket1	74	Asket	74	311	
6192	Ask75	31a-asket1	75	Asket	75	311	
6193	Ask76	31a-asket1	76	Asket	76	311	
6194	Ask77	31a-asket1	77	Asket	77	311	
6195	Ask78	31a-asket1	78	Asket	78	311	
6196	Ask79	31a-asket1	79	Asket	79	311	
6197	Ask80	31a-asket1	80	Asket	80	311	
6198	Ask81	31a-asket1	81	Asket	81	311	
6199	Ask82	31a-asket1	82	Asket	82	311	
6200	Ask83	31a-asket1	83	Asket	83	311	
6201	Ask84	31a-asket1	84	Asket	84	311	
6202	Ask85	31a-asket1	85	Asket	85	311	
6203	Ask86	31a-asket1	86	Asket	86	311	
6204	Ask87	31a-asket1	87	Asket	87	311	
6205	Ask88	31a-asket1	88	Asket	88	311	
6206	Ask89	31a-asket1	89	Asket	89	311	
6207	Ask90	31a-asket1	90	Asket	90	311	
6208	Ask91	31a-asket1	91	Asket	91	312	
6209	Ask92	31a-asket1	92	Asket	92	312	
6210	Ask93	31a-asket1	93	Asket	93	312	
6211	Ask94	31a-asket1	94	Asket	94	312	
6212	Ask95	31a-asket1	95	Asket	95	312	
6213	Ask96	31a-asket1	96	Asket	96	312	
6214	Ask97	31a-asket1	97	Asket	97	312	
6215	Ask98	31a-asket1	98	Asket	98	312	
6216	Ask99	31a-asket1	99	Asket	99	312	
6217	Ask100	31a-asket1	100	Asket	100	312	
6218	Ask101	31a-asket1	101	Asket	101	312	
6219	Ask102	31a-asket1	102	Asket	102	312	
6220	Ask103	31a-asket1	103	Asket	103	312	
6221	Ask104	31a-asket1	104	Asket	104	312	
6222	Ask105	31a-asket1	105	Asket	105	312	
6223	Ask106	31a-asket1	106	Asket	106	312	
6224	Ask107	31a-asket1	107	Asket	107	312	
6225	Ask108	31a-asket1	108	Asket	108	312	
6226	Ask109	31a-asket1	109	Asket	109	312	
6227	Ask110	31a-asket1	110	Asket	110	312	
6228	Ask111	31a-asket1	111	Asket	111	312	
6229	Ask112	31a-asket1	112	Asket	112	312	
6230	Ask113	31a-asket1	113	Asket	113	312	
6231	Ask114	31a-asket1	114	Asket	114	312	
6232	Ask115	31a-asket1	115	Asket	115	312	
6233	Ask116	31a-asket1	116	Asket	116	312	
6234	Ask117	31a-asket1	117	Asket	117	313	
6235	Ask118	31a-asket1	118	Asket	118	313	
6236	Ask119	31a-asket1	119	Asket	119	313	
6237	Ask120	31a-asket1	120	Asket	120	313	
6238	Ask121	31a-asket1	121	Asket	121	313	
6239	Ask122	31a-asket1	122	Asket	122	313	
6240	Ask123	31a-asket1	123	Asket	123	313	
6241	Ask124	31a-asket1	124	Asket	124	313	
6242	Ask125	31a-asket1	125	Asket	125	313	
6243	Ask126	31a-asket1	126	Asket	126	313	
6244	Ask127	31a-asket1	127	Asket	127	313	
6245	Ask128	31a-asket1	128	Asket	128	313	
6246	Ask129	31a-asket1	129	Asket	129	313	
6247	Ask130	31a-asket1	130	Asket	130	313	
6248	Ask131	31a-asket1	131	Asket	131	313	
6249	Ask132	31a-asket1	132	Asket	132	313	
6250	Ask133	31a-asket1	133	Asket	133	313	
6251	Ask134	31a-asket1	134	Asket	134	313	
6252	Ask135	31a-asket1	135	Asket	135	313	
6253	Ask136	31a-asket1	136	Asket	136	313	
6254	Ask137	31a-asket1	137	Asket	137	313	
6255	Ask138	31a-asket1	138	Asket	138	313	
6256	Ask139	31a-asket1	139	Asket	139	313	
6257	Ask140	31a-asket1	140	Asket	140	313	
6258	Ask141	31a-asket1	141	Asket	141	314	
6259	Ask142	31a-asket1	142	Asket	142	314	
6260	Ask143	31a-asket1	143	Asket	143	314	
6261	Ask144	31a-asket1	144	Asket	144	314	
6262	Ask145	31a-asket1	145	Asket	145	314	
6263	Ask146	31a-asket1	146	Asket	146	314	
6264	Ask147	31a-asket1	147	Asket	147	314	
6265	Ask148	31a-asket1	148	Asket	148	314	
6266	Ask149	31a-asket1	149	Asket	149	314	
6267	Ask150	31a-asket1	150	Asket	150	314	
6268	Ask151	31a-asket1	151	Asket	151	314	
6269	Ask152	31a-asket1	152	Asket	152	314	
6270	Ask153	31a-asket1	153	Asket	153	314	
6271	Ask154	31a-asket1	154	Asket	154	314	
6272	Ask155	31a-asket1	155	Asket	155	314	
6273	Ask156	31a-asket1	156	Asket	156	314	
6274	Ask157	31a-asket1	157	Asket	157	314	
6275	Ask158	31a-asket1	158	Asket	158	314	
6276	Ask159	31a-asket1	159	Asket	159	314	
6277	Ask160	31a-asket1	160	Asket	160	314	
6278	Ask161	31a-asket1	161	Asket	161	314	
6279	Ask162	31a-asket1	162	Asket	162	314	
6280	Ask163	31a-asket1	163	Asket	163	314	
6281	Ask164	31a-asket1	164	Asket	164	314	
6282	Ask165	31a-asket1	165	Asket	165	314	
6283	Ask166	31a-asket1	166	Asket	166	315	
6284	Ask167	31a-asket1	167	Asket	167	315	
6285	Ask168	31a-asket1	168	Asket	168	315	
6286	Ask169	31a-asket1	169	Asket	169	315	
6287	Ask170	31a-asket1	170	Asket	170	315	
6288	Ask171	31a-asket1	171	Asket	171	315	
6289	Ask172	31a-asket1	172	Asket	172	315	
6290	Ask173	31a-asket1	173	Asket	173	315	
6291	Ask174	31a-asket1	174	Asket	174	315	
6292	Ask175	31a-asket1	175	Asket	175	315	
6293	Ask176	31a-asket1	176	Asket	176	315	
6294	Ask177	31a-asket1	177	Asket	177	315	
6295	Ask178	31a-asket1	178	Asket	178	315	
6296	Ask179	31a-asket1	179	Asket	179	315	
6297	Ask180	31a-asket1	180	Asket	180	315	
6298	Ask181	31a-asket1	181	Asket	181	315	
6299	Ask182	31a-asket1	182	Asket	182	315	
6300	Ask183	31a-asket1	183	Asket	183	315	
6301	Ask184	31a-asket1	184	Asket	184	315	
6302	Ask185	31a-asket1	185	Asket	185	315	
6303	Ask186	31a-asket1	186	Asket	186	315	
6304	Ask187	31a-asket1	187	Asket	187	315	
6305	Ask188	31a-asket1	188	Asket	188	315	
6306	Ask189	31a-asket1	189	Asket	189	316	
6307	Ask190	31a-asket1	190	Asket	190	316	
6308	Ask191	31a-asket1	191	Asket	191	316	
6309	Ask192	31a-asket1	192	Asket	192	316	
6310	Ask193	31a-asket1	193	Asket	193	316	
6311	Ask194	31a-asket1	194	Asket	194	316	
6312	Ask195	31a-asket1	195	Asket	195	316	
6313	Ask196	31a-asket1	196	Asket	196	316	
6314	Ask197	31a-asket1	197	Asket	197	316	
6315	Ask198	31a-asket1	198	Asket	198	316	
6316	Ask199	31a-asket1	199	Asket	199	316	
6317	Ask200	31a-asket1	200	Asket	200	316	
6318	Ask201	31a-asket1	201	Asket	201	316	
6319	Ask202	31a-asket1	202	Asket	202	316	
6320	Ask203	31a-asket1	203	Asket	203	316	
6321	Ask204	31a-asket1	204	Asket	204	316	
6322	Ask205	31a-asket1	205	Asket	205	316	
6323	Ask206	31a-asket1	206	Asket	206	316	
6324	Ask207	31a-asket1	207	Asket	207	316	
6325	Ask208	31a-asket1	208	Asket	208	316	
6326	Ask209	31a-asket1	209	Asket	209	317	
6327	Ask210	31a-asket1	210	Asket	210	317	
6328	Ask211	31a-asket1	211	Asket	211	317	
6329	Ask212	31a-asket1	212	Asket	212	317	
6330	Ask213	31a-asket1	213	Asket	213	317	
6331	Ask214	31a-asket1	214	Asket	214	317	
6332	Ask215	31a-asket1	215	Asket	215	317	
6333	Ask216	31a-asket1	216	Asket	216	317	
6334	Ask217	31a-asket1	217	Asket	217	317	
6335	Ask218	31a-asket1	218	Asket	218	317	
6336	Ask219	31a-asket1	219	Asket	219	317	
6337	Ask220	31a-asket1	220	Asket	220	317	
6338	Ask221	31a-asket1	221	Asket	221	317	
6339	Ask222	31a-asket1	222	Asket	222	317	
6340	Ask223	31a-asket1	223	Asket	223	317	
6341	Ask224	31a-asket1	224	Asket	224	317	
6342	Ask225	31a-asket1	225	Asket	225	317	
6343	Ask226	31a-asket1	226	Asket	226	317	
6344	Ask227	31a-asket1	227	Asket	227	317	
6345	Ask228	31a-asket1	228	Asket	228	317	
6346	Ask229	31a-asket1	229	Asket	229	317	
6347	Ask230	31a-asket1	230	Asket	230	317	
6348	Ask231	31a-asket1	231	Asket	231	317	
6349	Ask232	31a-asket1	232	Asket	232	318	
6350	Ask233	31a-asket1	233	Asket	233	318	
6351	Ask234	31a-asket1	234	Asket	234	318	
6352	Ask235	31a-asket1	235	Asket	235	318	
6353	Ask236	31a-asket1	236	Asket	236	318	
6354	Ask237	31a-asket1	237	Asket	237	318	
6355	Ask238	31a-asket1	238	Asket	238	318	
6356	Ask239	31a-asket1	239	Asket	239	318	
6357	Ask240	31a-asket1	240	Asket	240	318	
6358	Ask241	31a-asket1	241	Asket	241	318	
6359	Ask242	31a-asket1	242	Asket	242	318	
6360	Ask243	31a-asket1	243	Asket	243	318	
6361	Ask244	31a-asket1	244	Asket	244	318	
6362	Ask245	31a-asket1	245	Asket	245	318	
6363	Ask246	31a-asket1	246	Asket	246	318	
6364	Ask247	31a-asket1	247	Asket	247	318	
6365	Ask248	31a-asket1	248	Asket	248	318	
6366	Ask249	31a-asket1	249	Asket	249	318	
6367	Ask250	31a-asket1	250	Asket	250	318	
6368	Ask251	31a-asket1	251	Asket	251	318	
6369	Ask252	31a-asket1	252	Asket	252	318	
6370	Ask253	31a-asket1	253	Asket	253	318	
6371	Ask254	31a-asket1	254	Asket	254	318	
6372	Ask255	31a-asket1	255	Asket	255	318	
6373	Ask256	31a-asket1	256	Asket	256	319	
6374	Ask257	31a-asket1	257	Asket	257	319	
6375	Ask258	31a-asket1	258	Asket	258	319	
6376	Ask259	31a-asket1	259	Asket	259	319	
6377	Ask260	31a-asket1	260	Asket	260	319	
6378	Ask261	31a-asket1	261	Asket	261	319	
6379	Ask262	31a-asket1	262	Asket	262	319	
6380	Ask1	31b-asket2	1	Asket	1	320	
6381	Ask2	31b-asket2	2	Asket	2	320	
6382	Ask3	31b-asket2	3	Asket	3	320	
6383	Ask4	31b-asket2	4	Asket	4	321	
6384	Ask5	31b-asket2	5	Asket	5	321	
6385	Ask6	31b-asket2	6	Asket	6	321	
6386	Ask7	31b-asket2	7	Asket	7	321	
6387	Ask8	31b-asket2	8	Asket	8	321	
6388	Ask9	31b-asket2	9	Asket	9	321	
6389	Ask10	31b-asket2	10	Asket	10	321	
6390	Ask11	31b-asket2	11	Asket	11	321	
6391	Ask12	31b-asket2	12	Asket	12	321	
6392	Ask13	31b-asket2	13	Asket	13	321	
6393	Ask14	31b-asket2	14	Asket	14	321	
6394	Ask15	31b-asket2	15	Asket	15	321	
6395	Ask16	31b-asket2	16	Asket	16	321	
6396	Ask17	31b-asket2	17	Asket	17	321	
6397	Ask18	31b-asket2	18	Asket	18	321	
6398	Ask19	31b-asket2	19	Asket	19	321	
6399	Ask20	31b-asket2	20	Asket	20	321	
6400	Ask21	31b-asket2	21	Asket	21	321	
6401	Ask22	31b-asket2	22	Asket	22	321	
6402	Ask23	31b-asket2	23	Asket	23	321	
6403	Ask24	31b-asket2	24	Asket	24	322	
6404	Ask25	31b-asket2	25	Asket	25	322	
6405	Ask26	31b-asket2	26	Asket	26	322	
6406	Ask27	31b-asket2	27	Asket	27	322	
6407	Ask28	31b-asket2	28	Asket	28	322	
6408	Ask29	31b-asket2	29	Asket	29	322	
6409	Ask30	31b-asket2	30	Asket	30	322	
6410	Ask31	31b-asket2	31	Asket	31	322	
6411	Ask32	31b-asket2	32	Asket	32	322	
6412	Ask33	31b-asket2	33	Asket	33	322	
6413	Ask34	31b-asket2	34	Asket	34	322	
6414	Ask35	31b-asket2	35	Asket	35	322	
6415	Ask36	31b-asket2	36	Asket	36	322	
6416	Ask37	31b-asket2	37	Asket	37	322	
6417	Ask38	31b-asket2	38	Asket	38	322	
6418	Ask39	31b-asket2	39	Asket	39	322	
6419	Ask40	31b-asket2	40	Asket	40	322	
6420	Ask41	31b-asket2	41	Asket	41	322	
6421	Ask42	31b-asket2	42	Asket	42	322	
6422	Ask43	31b-asket2	43	Asket	43	322	
6423	Ask44	31b-asket2	44	Asket	44	322	
6424	Ask45	31b-asket2	45	Asket	45	322	
6425	Ask46	31b-asket2	46	Asket	46	322	
6426	Ask47	31b-asket2	47	Asket	47	323	
6427	Ask1	31c-asket3	1	Asket	1	323	
6428	Ask2	31c-asket3	2	Asket	2	323	
6429	Ask3	31c-asket3	3	Asket	3	323	
6430	Ask4	31c-asket3	4	Asket	4	323	
6431	Ask5	31c-asket3	5	Asket	5	323	
6432	Ask6	31c-asket3	6	Asket	6	324	
6433	Ask7	31c-asket3	7	Asket	7	324	
6434	Ask8	31c-asket3	8	Asket	8	324	
6435	Ask9	31c-asket3	9	Asket	9	324	
6436	Ask10	31c-asket3	10	Asket	10	324	
6437	Ask11	31c-asket3	11	Asket	11	324	
6438	Ask12	31c-asket3	12	Asket	12	324	
6439	Ask13	31c-asket3	13	Asket	13	324	
6440	Ask14	31c-asket3	14	Asket	14	324	
6441	Ask15	31c-asket3	15	Asket	15	324	
6442	Ask16	31c-asket3	16	Asket	16	324	
6443	Ask17	31c-asket3	17	Asket	17	324	
6444	Ask18	31c-asket3	18	Asket	18	324	
6445	Ask19	31c-asket3	19	Asket	19	324	
6446	Ask20	31c-asket3	20	Asket	20	324	
6447	Ask21	31c-asket3	21	Asket	21	324	
6448	Ask22	31c-asket3	22	Asket	22	324	
6449	Ask23	31c-asket3	23	Asket	23	324	
6450	Ask24	31c-asket3	24	Asket	24	324	
6451	Ask25	31c-asket3	25	Asket	25	324	
6452	Ask26	31c-asket3	26	Asket	26	324	
6453	Ask27	31c-asket3	27	Asket	27	324	
6454	Ask28	31c-asket3	28	Asket	28	324	
6455	Ask29	31c-asket3	29	Asket	29	324	
6456	Ask30	31c-asket3	30	Asket	30	324	
6457	Ask31	31c-asket3	31	Asket	31	324	
6458	Ask32	31c-asket3	32	Asket	32	324	
6459	Ask33	31c-asket3	33	Asket	33	324	
6460	Ask34	31c-asket3	34	Asket	34	324	
6461	Ask35	31c-asket3	35	Asket	35	324	
6462	Ask36	31c-asket3	36	Asket	36	324	
6463	Ask37	31c-asket3	37	Asket	37	324	
6464	Ask38	31c-asket3	38	Asket	38	324	
6465	Ask39	31c-asket3	39	Asket	39	324	
6466	Ask40	31c-asket3	40	Asket	40	324	
6467	Ask41	31c-asket3	41	Asket	41	325	
6468	Ask42	31c-asket3	42	Asket	42	325	
6469	Ask43	31c-asket3	43	Asket	43	325	
6470	Ask44	31c-asket3	44	Asket	44	325	
6471	Ask45	31c-asket3	45	Asket	45	325	
6472	Ask46	31c-asket3	46	Asket	46	325	
6473	Ask47	31c-asket3	47	Asket	47	325	
6474	Ask48	31c-asket3	48	Asket	48	325	
6475	Ask49	31c-asket3	49	Asket	49	325	
6476	Ask50	31c-asket3	50	Asket	50	325	
6477	Ask51	31c-asket3	51	Asket	51	325	
6478	Ask52	31c-asket3	52	Asket	52	325	
6479	Ask53	31c-asket3	53	Asket	53	325	
6480	Ask54	31c-asket3	54	Asket	54	325	
6481	Ask55	31c-asket3	55	Asket	55	325	
6482	Ask56	31c-asket3	56	Asket	56	325	
6483	Ask57	31c-asket3	57	Asket	57	325	
6484	Ask58	31c-asket3	58	Asket	58	325	
6485	Ask59	31c-asket3	59	Asket	59	325	
6486	Ask60	31c-asket3	60	Asket	60	325	
6487	Ask61	31c-asket3	61	Asket	61	325	
6488	Ask62	31c-asket3	62	Asket	62	325	
6489	Ask63	31c-asket3	63	Asket	63	325	
6490	Ask64	31c-asket3	64	Asket	64	325	
6491	Ask65	31c-asket3	65	Asket	65	325	
6492	Ask66	31c-asket3	66	Asket	66	325	
6493	Ask67	31c-asket3	67	Asket	67	326	
6494	Ask68	31c-asket3	68	Asket	68	326	
6495	Ask69	31c-asket3	69	Asket	69	326	
6496	Ask70	31c-asket3	70	Asket	70	326	
6497	Ask71	31c-asket3	71	Asket	71	326	
6498	Ask72	31c-asket3	72	Asket	72	326	
6499	Ask73	31c-asket3	73	Asket	73	326	
6500	Ask74	31c-asket3	74	Asket	74	326	
6501	Ask75	31c-asket3	75	Asket	75	326	
6502	Ask76	31c-asket3	76	Asket	76	326	
6503	Ask77	31c-asket3	77	Asket	77	326	
6504	Ask78	31c-asket3	78	Asket	78	326	
6505	Ask79	31c-asket3	79	Asket	79	326	
6506	Ask80	31c-asket3	80	Asket	80	326	
6507	Ask81	31c-asket3	81	Asket	81	326	
6508	Ask82	31c-asket3	82	Asket	82	326	
6509	Ask83	31c-asket3	83	Asket	83	326	
6510	Ask84	31c-asket3	84	Asket	84	326	
6511	Ask85	31c-asket3	85	Asket	85	326	
6512	Ask86	31c-asket3	86	Asket	86	326	
6513	Ask87	31c-asket3	87	Asket	87	326	
6514	Ask88	31c-asket3	88	Asket	88	326	
6515	Ask89	31c-asket3	89	Asket	89	326	
6516	Ask90	31c-asket3	90	Asket	90	326	
6517	Ask91	31c-asket3	91	Asket	91	326	
6518	Ask92	31c-asket3	92	Asket	92	326	
6519	Ask93	31c-asket3	93	Asket	93	326	
6520	Ask94	31c-asket3	94	Asket	94	327	
6521	Ask95	31c-asket3	95	Asket	95	327	
6522	Ask96	31c-asket3	96	Asket	96	327	
6523	Ask97	31c-asket3	97	Asket	97	327	
6524	Ask98	31c-asket3	98	Asket	98	327	
6525	Ask99	31c-asket3	99	Asket	99	327	
6526	Ask100	31c-asket3	100	Asket	100	327	
6527	Ask101	31c-asket3	101	Asket	101	327	
6528	Ask102	31c-asket3	102	Asket	102	327	
6529	Ask103	31c-asket3	103	Asket	103	327	
6530	Ask104	31c-asket3	104	Asket	104	327	
6531	Ask105	31c-asket3	105	Asket	105	327	
6532	Ask106	31c-asket3	106	Asket	106	327	
6533	Ask107	31c-asket3	107	Asket	107	327	
6534	Ask108	31c-asket3	108	Asket	108	327	
6535	Ask109	31c-asket3	109	Asket	109	327	
6536	Ask110	31c-asket3	110	Asket	110	327	
6537	Ask111	31c-asket3	111	Asket	111	327	
6538	Ask112	31c-asket3	112	Asket	112	327	
6539	Ask113	31c-asket3	113	Asket	113	327	
6540	Ask114	31c-asket3	114	Asket	114	327	
6541	Ask115	31c-asket3	115	Asket	115	327	
6542	Ask116	31c-asket3	116	Asket	116	327	
6543	Ask117	31c-asket3	117	Asket	117	327	
6544	Ask118	31c-asket3	118	Asket	118	327	
6545	Ask119	31c-asket3	119	Asket	119	327	
6546	Ask120	31c-asket3	120	Asket	120	327	
6547	Ask121	31c-asket3	121	Asket	121	327	
6548	Ask122	31c-asket3	122	Asket	122	327	
6549	Ask123	31c-asket3	123	Asket	123	328	
6550	Ask124	31c-asket3	124	Asket	124	328	
6551	Ask1	31d-asket4	1	Asket	1	328	
6552	Ask2	31d-asket4	2	Asket	2	329	
6553	Ask3	31d-asket4	3	Asket	3	329	
6554	Ask4	31d-asket4	4	Asket	4	329	
6555	Ask5	31d-asket4	5	Asket	5	329	
6556	Ask6	31d-asket4	6	Asket	6	329	
6557	Ask7	31d-asket4	7	Asket	7	329	
6558	Ask8	31d-asket4	8	Asket	8	329	
6559	Ask9	31d-asket4	9	Asket	9	329	
6560	Ask10	31d-asket4	10	Asket	10	329	
6561	Ask11	31d-asket4	11	Asket	11	329	
6562	Ask12	31d-asket4	12	Asket	12	330	
6563	Ask13	31d-asket4	13	Asket	13	330	
6564	Ask14	31d-asket4	14	Asket	14	330	
6565	Ask15	31d-asket4	15	Asket	15	330	
6566	Ask16	31d-asket4	16	Asket	16	330	
6567	Ask17	31d-asket4	17	Asket	17	330	
6568	Ask18	31d-asket4	18	Asket	18	330	
6569	Ask19	31d-asket4	19	Asket	19	330	
6570	Ask20	31d-asket4	20	Asket	20	330	
6571	Ask21	31d-asket4	21	Asket	21	330	
6572	Ask22	31d-asket4	22	Asket	22	330	
6573	Ask23	31d-asket4	23	Asket	23	331	
6574	Ask24	31d-asket4	24	Asket	24	331	
6575	Ask25	31d-asket4	25	Asket	25	332	
6576	Ask26	31d-asket4	26	Asket	26	332	
6577	Ask27	31d-asket4	27	Asket	27	332	
6578	Ask28	31d-asket4	28	Asket	28	332	
6579	Ask29	31d-asket4	29	Asket	29	333	
6580	Ask30	31d-asket4	30	Asket	30	333	
6581	Ask31	31d-asket4	31	Asket	31	333	
6582	Ask32	31d-asket4	32	Asket	32	333	
6583	Ask33	31d-asket4	33	Asket	33	333	
6584	Ask34	31d-asket4	34	Asket	34	333	
6585	Ask35	31d-asket4	35	Asket	35	333	
6586	Ask36	31d-asket4	36	Asket	36	333	
6587	Ask37	31d-asket4	37	Asket	37	334	
6588	Ask38	31d-asket4	38	Asket	38	334	
6589	Ask39	31d-asket4	39	Asket	39	334	
6590	Ask40	31d-asket4	40	Asket	40	334	
6591	Ask41	31d-asket4	41	Asket	41	334	
6592	Ask42	31d-asket4	42	Asket	42	334	
6593	Ask43	31d-asket4	43	Asket	43	334	
6594	Ask44	31d-asket4	44	Asket	44	334	
6595	Ask45	31d-asket4	45	Asket	45	334	
6596	Ask46	31d-asket4	46	Asket	46	335	
6597	Ask47	31d-asket4	47	Asket	47	335	
6598	Ask48	31d-asket4	48	Asket	48	335	
6599	Ask49	31d-asket4	49	Asket	49	335	
6600	Ask50	31d-asket4	50	Asket	50	335	
6601	Ask51	31d-asket4	51	Asket	51	335	
6602	Ask52	31d-asket4	52	Asket	52	335	
6603	Ask53	31d-asket4	53	Asket	53	335	
6604	Ask54	31d-asket4	54	Asket	54	335	
6605	Ask55	31d-asket4	55	Asket	55	335	
6606	Ask56	31d-asket4	56	Asket	56	335	
6607	Ask57	31d-asket4	57	Asket	57	335	
6608	Ask58	31d-asket4	58	Asket	58	336	
6609	Ask59	31d-asket4	59	Asket	59	336	
6610	Ask60	31d-asket4	60	Asket	60	336	
6611	Ask61	31d-asket4	61	Asket	61	336	
6612	Ask62	31d-asket4	62	Asket	62	336	
6613	Ask63	31d-asket4	63	Asket	63	338	
6614	Ask64	31d-asket4	64	Asket	64	338	
6615	Ask65	31d-asket4	65	Asket	65	338	
6616	Ask66	31d-asket4	66	Asket	66	338	
6617	Ask67	31d-asket4	67	Asket	67	338	
6618	Ask68	31d-asket4	68	Asket	68	338	
6619	Ask69	31d-asket4	69	Asket	69	338	
6620	Ask70	31d-asket4	70	Asket	70	338	
6621	Ask71	31d-asket4	71	Asket	71	338	
6622	Ask72	31d-asket4	72	Asket	72	338	
6623	Ask73	31d-asket4	73	Asket	73	339	
6624	Ask74	31d-asket4	74	Asket	74	339	
6625	Ask1	31e-asket5	1	Asket	1	340	
6626	Ask2	31e-asket5	2	Asket	2	340	
6627	Ask3	31e-asket5	3	Asket	3	340	
6628	Ask4	31e-asket5	4	Asket	4	340	
6629	Ask5	31e-asket5	5	Asket	5	340	
6630	Ask6	31e-asket5	6	Asket	6	340	
6631	Ask7	31e-asket5	7	Asket	7	340	
6632	Ask8	31e-asket5	8	Asket	8	340	
6633	Ask9	31e-asket5	9	Asket	9	340	
6634	Ask10	31e-asket5	10	Asket	10	340	
6635	Ask11	31e-asket5	11	Asket	11	340	
6636	Ask12	31e-asket5	12	Asket	12	340	
6637	Ask13	31e-asket5	13	Asket	13	340	
6638	Ask14	31e-asket5	14	Asket	14	340	
6639	Ask15	31e-asket5	15	Asket	15	340	
6640	Ask16	31e-asket5	16	Asket	16	340	
6641	Ask17	31e-asket5	17	Asket	17	340	
6642	Ask18	31e-asket5	18	Asket	18	340	
6643	Ask19	31e-asket5	19	Asket	19	340	
6644	Ask20	31e-asket5	20	Asket	20	340	
6645	Ask21	31e-asket5	21	Asket	21	340	
6646	Ask22	31e-asket5	22	Asket	22	340	
6647	Ask23	31e-asket5	23	Asket	23	340	
6648	Ask24	31e-asket5	24	Asket	24	341	
6649	Ask25	31e-asket5	25	Asket	25	341	
6650	Ask26	31e-asket5	26	Asket	26	341	
6651	Ask27	31e-asket5	27	Asket	27	341	
6652	Ask1	31f-asket6	1	Asket	1	341	
6653	Ask2	31f-asket6	2	Asket	2	341	
6654	Ask3	31f-asket6	3	Asket	3	341	
6655	Ask4	31f-asket6	4	Asket	4	341	
6656	Ask5	31f-asket6	5	Asket	5	341	
6657	Ask6	31f-asket6	6	Asket	6	341	
6658	Ask7	31f-asket6	7	Asket	7	341	
6659	Ask8	31f-asket6	8	Asket	8	341	
6660	Ask9	31f-asket6	9	Asket	9	341	
6661	Ask10	31f-asket6	10	Asket	10	341	
6662	Ask11	31f-asket6	11	Asket	11	341	
6663	Ask12	31f-asket6	12	Asket	12	341	
6664	Ask13	31f-asket6	13	Asket	13	341	
6665	Ask14	31f-asket6	14	Asket	14	341	
6666	Ask15	31f-asket6	15	Asket	15	341	
6667	Ask16	31f-asket6	16	Asket	16	341	
6668	Ask1	31g-asket7	1	Asket	1	343	
6669	Ask2	31g-asket7	2	Asket	2	343	
6670	Ask3	31g-asket7	3	Asket	3	343	
6671	Ask4	31g-asket7	4	Asket	4	343	
6672	Ask5	31g-asket7	5	Asket	5	343	
6673	Ask6	31g-asket7	6	Asket	6	343	
6674	Ask7	31g-asket7	7	Asket	7	343	
6675	Ask8	31g-asket7	8	Asket	8	343	
6676	Ask9	31g-asket7	9	Asket	9	344	
6677	Ask10	31g-asket7	10	Asket	10	344	
6678	Ask11	31g-asket7	11	Asket	11	344	
6679	Ask12	31g-asket7	12	Asket	12	344	
6680	Ask13	31g-asket7	13	Asket	13	344	
6681	Ask14	31g-asket7	14	Asket	14	344	
6682	Ask15	31g-asket7	15	Asket	15	344	
6683	Ask16	31g-asket7	16	Asket	16	344	
6684	Ask17	31g-asket7	17	Asket	17	344	
6685	Ask18	31g-asket7	18	Asket	18	345	
6686	Ask19	31g-asket7	19	Asket	19	345	
6687	Ask20	31g-asket7	20	Asket	20	345	
6688	Ask21	31g-asket7	21	Asket	21	345	
6689	Ask22	31g-asket7	22	Asket	22	345	
6690	Ask23	31g-asket7	23	Asket	23	345	
6691	Ask24	31g-asket7	24	Asket	24	345	
6692	Ask25	31g-asket7	25	Asket	25	345	
6693	Ask26	31g-asket7	26	Asket	26	346	
6694	Ask27	31g-asket7	27	Asket	27	346	
6695	Ask28	31g-asket7	28	Asket	28	346	
6696	Ask29	31g-asket7	29	Asket	29	346	
6697	Ask30	31g-asket7	30	Asket	30	346	
6698	Ask31	31g-asket7	31	Asket	31	347	
6699	Ask32	31g-asket7	32	Asket	32	347	
6700	Ask33	31g-asket7	33	Asket	33	347	
6701	Ask34	31g-asket7	34	Asket	34	347	
6702	Jmm1	31g-asket7	35	Jmmanuel	1	347	
6703	Ask35	31g-asket7	36	Asket	35	347	
6704	Jmm2	31g-asket7	37	Jmmanuel	2	347	
6705	Jmm3	31g-asket7	38	Jmmanuel	3	347	
6706	Jmm4	31g-asket7	39	Jmmanuel	4	347	
6707	Jmm5	31g-asket7	40	Jmmanuel	5	347	
6708	Jmm6	31g-asket7	41	Jmmanuel	6	347	
6709	Jmm7	31g-asket7	42	Jmmanuel	7	348	
6710	Jmm8	31g-asket7	43	Jmmanuel	8	348	
6711	Jmm9	31g-asket7	44	Jmmanuel	9	348	
6712	Jmm10	31g-asket7	45	Jmmanuel	10	348	
6713	Jmm11	31g-asket7	46	Jmmanuel	11	348	
6714	Jmm12	31g-asket7	47	Jmmanuel	12	348	
6715	Jmm13	31g-asket7	48	Jmmanuel	13	348	
6716	Jmm14	31g-asket7	49	Jmmanuel	14	348	
6717	Jmm15	31g-asket7	50	Jmmanuel	15	348	
6718	Jmm16	31g-asket7	51	Jmmanuel	16	348	
6719	Jmm17	31g-asket7	52	Jmmanuel	17	348	
6720	Jmm18	31g-asket7	53	Jmmanuel	18	348	
6721	Jmm19	31g-asket7	54	Jmmanuel	19	348	
6722	Jmm20	31g-asket7	55	Jmmanuel	20	348	
6723	Jmm21	31g-asket7	56	Jmmanuel	21	348	
6724	Jmm22	31g-asket7	57	Jmmanuel	22	348	
6725	Jmm23	31g-asket7	58	Jmmanuel	23	348	
6726	Jmm24	31g-asket7	59	Jmmanuel	24	348	
6727	Jmm25	31g-asket7	60	Jmmanuel	25	349	
6728	Jmm26	31g-asket7	61	Jmmanuel	26	349	
6729	Jmm27	31g-asket7	62	Jmmanuel	27	349	
6730	Jmm28	31g-asket7	63	Jmmanuel	28	349	
6731	Jmm29	31g-asket7	64	Jmmanuel	29	349	
6732	Jmm30	31g-asket7	65	Jmmanuel	30	349	
6733	Jmm31	31g-asket7	66	Jmmanuel	31	349	
6734	Jmm32	31g-asket7	67	Jmmanuel	32	349	
6735	Jmm33	31g-asket7	68	Jmmanuel	33	349	
6736	Jmm34	31g-asket7	69	Jmmanuel	34	349	
6737	Jmm35	31g-asket7	70	Jmmanuel	35	349	
6738	Jmm36	31g-asket7	71	Jmmanuel	36	349	
6739	Jmm37	31g-asket7	72	Jmmanuel	37	349	
6740	Jmm38	31g-asket7	73	Jmmanuel	38	349	
6741	Jmm39	31g-asket7	74	Jmmanuel	39	349	
6742	Jmm40	31g-asket7	75	Jmmanuel	40	349	
6743	Jmm41	31g-asket7	76	Jmmanuel	41	349	
6744	Jmm42	31g-asket7	77	Jmmanuel	42	349	
6745	Jmm43	31g-asket7	78	Jmmanuel	43	349	
6746	Jmm44	31g-asket7	79	Jmmanuel	44	349	
6747	Jmm45	31g-asket7	80	Jmmanuel	45	349	
6748	Jmm46	31g-asket7	81	Jmmanuel	46	349	
6749	Jmm47	31g-asket7	82	Jmmanuel	47	349	
6750	Jmm48	31g-asket7	83	Jmmanuel	48	349	
6751	Jmm49	31g-asket7	84	Jmmanuel	49	349	
6752	Jmm50	31g-asket7	85	Jmmanuel	50	349	
6753	Jmm51	31g-asket7	86	Jmmanuel	51	349	
6754	Jmm52	31g-asket7	87	Jmmanuel	52	349	
6755	Jmm53	31g-asket7	88	Jmmanuel	53	350	
6756	Jmm54	31g-asket7	89	Jmmanuel	54	350	
6757	Jmm55	31g-asket7	90	Jmmanuel	55	350	
6758	Jmm56	31g-asket7	91	Jmmanuel	56	350	
6759	Jmm57	31g-asket7	92	Jmmanuel	57	350	
6760	Jmm58	31g-asket7	93	Jmmanuel	58	350	
6761	Jmm59	31g-asket7	94	Jmmanuel	59	350	
6762	Jmm60	31g-asket7	95	Jmmanuel	60	350	
6763	Jmm61	31g-asket7	96	Jmmanuel	61	350	
6764	Jmm62	31g-asket7	97	Jmmanuel	62	350	
6765	Jmm63	31g-asket7	98	Jmmanuel	63	350	
6766	Jmm64	31g-asket7	99	Jmmanuel	64	350	
6767	Jmm65	31g-asket7	100	Jmmanuel	65	350	
6768	Jmm66	31g-asket7	101	Jmmanuel	66	350	
6769	Jmm67	31g-asket7	102	Jmmanuel	67	350	
6770	Jmm68	31g-asket7	103	Jmmanuel	68	350	
6771	Jmm69	31g-asket7	104	Jmmanuel	69	350	
6772	Jmm70	31g-asket7	105	Jmmanuel	70	350	
6773	Jmm71	31g-asket7	106	Jmmanuel	71	350	
6774	Jmm72	31g-asket7	107	Jmmanuel	72	350	
6775	Jmm73	31g-asket7	108	Jmmanuel	73	350	
6776	Jmm74	31g-asket7	109	Jmmanuel	74	350	
6777	Jmm75	31g-asket7	110	Jmmanuel	75	350	
6778	Jmm76	31g-asket7	111	Jmmanuel	76	350	
6779	Jmm77	31g-asket7	112	Jmmanuel	77	350	
6780	Jmm78	31g-asket7	113	Jmmanuel	78	350	
6781	Jmm79	31g-asket7	114	Jmmanuel	79	350	
6782	Jmm80	31g-asket7	115	Jmmanuel	80	351	
6783	Jmm81	31g-asket7	116	Jmmanuel	81	351	
6784	Jmm82	31g-asket7	117	Jmmanuel	82	351	
6785	Jmm83	31g-asket7	118	Jmmanuel	83	351	
6786	Jmm84	31g-asket7	119	Jmmanuel	84	351	
6787	Jmm85	31g-asket7	120	Jmmanuel	85	351	
6788	Jmm86	31g-asket7	121	Jmmanuel	86	351	
6789	Jmm87	31g-asket7	122	Jmmanuel	87	351	
6790	Jmm88	31g-asket7	123	Jmmanuel	88	351	
6791	Jmm89	31g-asket7	124	Jmmanuel	89	351	
6792	Jmm90	31g-asket7	125	Jmmanuel	90	351	
6793	Jmm91	31g-asket7	126	Jmmanuel	91	351	
6794	Jmm92	31g-asket7	127	Jmmanuel	92	351	
6795	Jmm93	31g-asket7	128	Jmmanuel	93	351	
6796	Jmm94	31g-asket7	129	Jmmanuel	94	351	
6797	Jmm95	31g-asket7	130	Jmmanuel	95	351	
6798	Jmm96	31g-asket7	131	Jmmanuel	96	351	
6799	Jmm97	31g-asket7	132	Jmmanuel	97	351	
6800	Jmm98	31g-asket7	133	Jmmanuel	98	351	
6801	Jmm99	31g-asket7	134	Jmmanuel	99	352	
6802	Jmm100	31g-asket7	135	Jmmanuel	100	352	
6803	Jmm101	31g-asket7	136	Jmmanuel	101	352	
6804	Jmm102	31g-asket7	137	Jmmanuel	102	352	
6805	Jmm103	31g-asket7	138	Jmmanuel	103	352	
6806	Jmm104	31g-asket7	139	Jmmanuel	104	352	
6807	Jmm105	31g-asket7	140	Jmmanuel	105	352	
6808	Jmm106	31g-asket7	141	Jmmanuel	106	352	
6809	Jmm107	31g-asket7	142	Jmmanuel	107	352	
6810	Jmm108	31g-asket7	143	Jmmanuel	108	352	
6811	Jmm109	31g-asket7	144	Jmmanuel	109	352	
6812	Jmm110	31g-asket7	145	Jmmanuel	110	352	
6813	Jmm111	31g-asket7	146	Jmmanuel	111	352	
6814	Jmm112	31g-asket7	147	Jmmanuel	112	352	
6815	Jmm113	31g-asket7	148	Jmmanuel	113	352	
6816	Jmm114	31g-asket7	149	Jmmanuel	114	352	
6817	Jmm115	31g-asket7	150	Jmmanuel	115	352	
6818	Jmm116	31g-asket7	151	Jmmanuel	116	352	
6819	Jmm117	31g-asket7	152	Jmmanuel	117	352	
6820	Jmm118	31g-asket7	153	Jmmanuel	118	352	
6821	Jmm119	31g-asket7	154	Jmmanuel	119	352	
6822	Jmm120	31g-asket7	155	Jmmanuel	120	352	
6823	Jmm121	31g-asket7	156	Jmmanuel	121	353	
6824	Jmm122	31g-asket7	157	Jmmanuel	122	353	
6825	Jmm123	31g-asket7	158	Jmmanuel	123	353	
6826	Jmm124	31g-asket7	159	Jmmanuel	124	353	
6827	Jmm125	31g-asket7	160	Jmmanuel	125	353	
6828	Jmm126	31g-asket7	161	Jmmanuel	126	353	
6829	Jmm127	31g-asket7	162	Jmmanuel	127	353	
6830	Jmm128	31g-asket7	163	Jmmanuel	128	353	
6831	Jmm129	31g-asket7	164	Jmmanuel	129	353	
6832	Jmm130	31g-asket7	165	Jmmanuel	130	353	
6833	Jmm131	31g-asket7	166	Jmmanuel	131	353	
6834	Jmm132	31g-asket7	167	Jmmanuel	132	353	
6835	Jmm133	31g-asket7	168	Jmmanuel	133	353	
6836	Jmm134	31g-asket7	169	Jmmanuel	134	353	
6837	Jmm135	31g-asket7	170	Jmmanuel	135	353	
6838	Jmm136	31g-asket7	171	Jmmanuel	136	353	
6839	Jmm137	31g-asket7	172	Jmmanuel	137	353	
6840	Jmm138	31g-asket7	173	Jmmanuel	138	353	
6841	Jmm139	31g-asket7	174	Jmmanuel	139	354	
6842	Jmm140	31g-asket7	175	Jmmanuel	140	354	
6843	Jmm141	31g-asket7	176	Jmmanuel	141	354	
6844	Jmm142	31g-asket7	177	Jmmanuel	142	354	
6845	Jmm143	31g-asket7	178	Jmmanuel	143	354	
6846	Jmm144	31g-asket7	179	Jmmanuel	144	354	
6847	Jmm145	31g-asket7	180	Jmmanuel	145	354	
6848	Jmm146	31g-asket7	181	Jmmanuel	146	354	
6849	Jmm147	31g-asket7	182	Jmmanuel	147	354	
6850	Jmm148	31g-asket7	183	Jmmanuel	148	354	
6851	Jmm149	31g-asket7	184	Jmmanuel	149	354	
6852	Jmm150	31g-asket7	185	Jmmanuel	150	354	
6853	Jmm151	31g-asket7	186	Jmmanuel	151	354	
6854	Jmm152	31g-asket7	187	Jmmanuel	152	354	
6855	Jmm153	31g-asket7	188	Jmmanuel	153	354	
6856	Jmm154	31g-asket7	189	Jmmanuel	154	354	
6857	Jmm155	31g-asket7	190	Jmmanuel	155	354	
6858	Jmm156	31g-asket7	191	Jmmanuel	156	354	
6859	Jmm157	31g-asket7	192	Jmmanuel	157	354	
6860	Jmm158	31g-asket7	193	Jmmanuel	158	355	
6861	Jmm159	31g-asket7	194	Jmmanuel	159	355	
6862	Jmm160	31g-asket7	195	Jmmanuel	160	355	
6863	Jmm161	31g-asket7	196	Jmmanuel	161	355	
6864	Jmm162	31g-asket7	197	Jmmanuel	162	355	
6865	Jmm163	31g-asket7	198	Jmmanuel	163	355	
6866	Jmm164	31g-asket7	199	Jmmanuel	164	355	
6867	Jmm165	31g-asket7	200	Jmmanuel	165	355	
6868	Jmm166	31g-asket7	201	Jmmanuel	166	355	
6869	Jmm167	31g-asket7	202	Jmmanuel	167	355	
6870	Jmm168	31g-asket7	203	Jmmanuel	168	355	
6871	Jmm169	31g-asket7	204	Jmmanuel	169	355	
6872	Jmm170	31g-asket7	205	Jmmanuel	170	355	
6873	Jmm171	31g-asket7	206	Jmmanuel	171	355	
6874	Jmm172	31g-asket7	207	Jmmanuel	172	355	
6875	Jmm173	31g-asket7	208	Jmmanuel	173	355	
6876	Jmm174	31g-asket7	209	Jmmanuel	174	355	
6877	Jmm175	31g-asket7	210	Jmmanuel	175	355	
6878	Jmm176	31g-asket7	211	Jmmanuel	176	355	
6879	Jmm177	31g-asket7	212	Jmmanuel	177	355	
6880	Jmm178	31g-asket7	213	Jmmanuel	178	355	
6881	Jmm179	31g-asket7	214	Jmmanuel	179	355	
6882	Jmm180	31g-asket7	215	Jmmanuel	180	355	
6883	Jmm181	31g-asket7	216	Jmmanuel	181	355	
6884	Jmm182	31g-asket7	217	Jmmanuel	182	356	
6885	Jmm183	31g-asket7	218	Jmmanuel	183	356	
6886	Jmm184	31g-asket7	219	Jmmanuel	184	356	
6887	Jmm185	31g-asket7	220	Jmmanuel	185	356	
6888	Jmm186	31g-asket7	221	Jmmanuel	186	356	
6889	Jmm187	31g-asket7	222	Jmmanuel	187	356	
6890	Jmm188	31g-asket7	223	Jmmanuel	188	356	
6891	Jmm189	31g-asket7	224	Jmmanuel	189	356	
6892	Jmm190	31g-asket7	225	Jmmanuel	190	356	
6893	Jmm191	31g-asket7	226	Jmmanuel	191	356	
6894	Jmm192	31g-asket7	227	Jmmanuel	192	356	
6895	Jmm193	31g-asket7	228	Jmmanuel	193	356	
6896	Jmm194	31g-asket7	229	Jmmanuel	194	356	
6897	Jmm195	31g-asket7	230	Jmmanuel	195	356	
6898	Jmm196	31g-asket7	231	Jmmanuel	196	356	
6899	Jmm197	31g-asket7	232	Jmmanuel	197	356	
6900	Jmm198	31g-asket7	233	Jmmanuel	198	357	
6901	Jmm199	31g-asket7	234	Jmmanuel	199	357	
6902	Jmm200	31g-asket7	235	Jmmanuel	200	357	
6903	Jmm201	31g-asket7	236	Jmmanuel	201	357	
6904	Jmm202	31g-asket7	237	Jmmanuel	202	357	
6905	Jmm203	31g-asket7	238	Jmmanuel	203	357	
6906	Jmm204	31g-asket7	239	Jmmanuel	204	357	
6907	Jmm205	31g-asket7	240	Jmmanuel	205	357	
6908	Jmm206	31g-asket7	241	Jmmanuel	206	357	
6909	Jmm207	31g-asket7	242	Jmmanuel	207	357	
6910	Jmm208	31g-asket7	243	Jmmanuel	208	357	
6911	Jmm209	31g-asket7	244	Jmmanuel	209	357	
6912	Jmm210	31g-asket7	245	Jmmanuel	210	357	
6913	Jmm211	31g-asket7	246	Jmmanuel	211	357	
6914	Jmm212	31g-asket7	247	Jmmanuel	212	357	
6915	Jmm213	31g-asket7	248	Jmmanuel	213	358	
6916	Jmm214	31g-asket7	249	Jmmanuel	214	358	
6917	Jmm215	31g-asket7	250	Jmmanuel	215	358	
6918	Jmm216	31g-asket7	251	Jmmanuel	216	358	
6919	Jmm217	31g-asket7	252	Jmmanuel	217	358	
6920	Jmm218	31g-asket7	253	Jmmanuel	218	358	
6921	Jmm219	31g-asket7	254	Jmmanuel	219	358	
6922	Jmm220	31g-asket7	255	Jmmanuel	220	358	
6923	Jmm221	31g-asket7	256	Jmmanuel	221	358	
6924	Jmm222	31g-asket7	257	Jmmanuel	222	358	
6925	Jmm223	31g-asket7	258	Jmmanuel	223	358	
6926	Jmm224	31g-asket7	259	Jmmanuel	224	358	
6927	Jmm225	31g-asket7	260	Jmmanuel	225	358	
6928	Jmm226	31g-asket7	261	Jmmanuel	226	358	
6929	Jmm227	31g-asket7	262	Jmmanuel	227	358	
6930	Jmm228	31g-asket7	263	Jmmanuel	228	358	
6931	Jmm229	31g-asket7	264	Jmmanuel	229	358	
6932	Jmm230	31g-asket7	265	Jmmanuel	230	358	
6933	Jmm231	31g-asket7	266	Jmmanuel	231	358	
6934	Jmm232	31g-asket7	267	Jmmanuel	232	358	
6935	Jmm233	31g-asket7	268	Jmmanuel	233	358	
6936	Jmm234	31g-asket7	269	Jmmanuel	234	358	
6937	Jmm235	31g-asket7	270	Jmmanuel	235	358	
6938	Jmm236	31g-asket7	271	Jmmanuel	236	359	
6939	Jmm237	31g-asket7	272	Jmmanuel	237	359	
6940	Jmm238	31g-asket7	273	Jmmanuel	238	359	
6941	Jmm239	31g-asket7	274	Jmmanuel	239	359	
6942	Jmm240	31g-asket7	275	Jmmanuel	240	359	
6943	Jmm241	31g-asket7	276	Jmmanuel	241	359	
6944	Jmm242	31g-asket7	277	Jmmanuel	242	359	
6945	Jmm243	31g-asket7	278	Jmmanuel	243	359	
6946	Jmm244	31g-asket7	279	Jmmanuel	244	359	
6947	Jmm245	31g-asket7	280	Jmmanuel	245	359	
6948	Jmm246	31g-asket7	281	Jmmanuel	246	359	
6949	Jmm247	31g-asket7	282	Jmmanuel	247	359	
6950	Jmm248	31g-asket7	283	Jmmanuel	248	359	
6951	Jmm249	31g-asket7	284	Jmmanuel	249	359	
6952	Jmm250	31g-asket7	285	Jmmanuel	250	359	
6953	Jmm251	31g-asket7	286	Jmmanuel	251	359	
6954	Jmm252	31g-asket7	287	Jmmanuel	252	359	
6955	Jmm253	31g-asket7	288	Jmmanuel	253	359	
6956	Jmm254	31g-asket7	289	Jmmanuel	254	359	
6957	Jmm255	31g-asket7	290	Jmmanuel	255	359	
6958	Jmm256	31g-asket7	291	Jmmanuel	256	359	
6959	Jmm257	31g-asket7	292	Jmmanuel	257	359	
6960	Ask36	31g-asket7	293	Asket	36	360	
6961	Jmm258	31g-asket7	294	Jmmanuel	258	360	
6962	Sem1	32	1	Semjase	1	360	
6963	Sem2	32	2	Semjase	2	360	
6964	Sem3	32	3	Semjase	3	360	
6965	Sem4	32	4	Semjase	4	360	
6966	Sem5	32	5	Semjase	5	360	
6967	Sem6	32	6	Semjase	6	360	
6968	Sem7	32	7	Semjase	7	360	
6969	Sem8	32	8	Semjase	8	361	
6970	Sem9	32	9	Semjase	9	361	
6971	Sem10	32	10	Semjase	10	361	
6972	Sem11	32	11	Semjase	11	361	
6973	Sem12	32	12	Semjase	12	361	
6974	Sem13	32	13	Semjase	13	361	
6975	Sem14	32	14	Semjase	14	361	
6976	Sem15	32	15	Semjase	15	361	
6977	Sem16	32	16	Semjase	16	361	
6978	Sem17	32	17	Semjase	17	361	
6979	Sem18	32	18	Semjase	18	361	
6980	Sem19	32	19	Semjase	19	361	
6981	Sem20	32	20	Semjase	20	361	
6982	Sem21	32	21	Semjase	21	361	
6983	Sem22	32	22	Semjase	22	361	
6984	Sem23	32	23	Semjase	23	361	
6985	Sem24	32	24	Semjase	24	361	
6986	Sem25	32	25	Semjase	25	361	
6987	Sem26	32	26	Semjase	26	361	
6988	Sem27	32	27	Semjase	27	361	
6989	Sem1	33	1	Semjase	1	377	
6990	Sem2	33	2	Semjase	2	377	
6991	Sem3	33	3	Semjase	3	378	
6992	Sem4	33	4	Semjase	4	378	
6993	Sem5	33	5	Semjase	5	378	
6994	Sem6	33	6	Semjase	6	378	
6995	Sem7	33	7	Semjase	7	378	
6996	Sem8	33	8	Semjase	8	378	
6997	Sem9	33	9	Semjase	9	378	
6998	Sem10	33	10	Semjase	10	378	
6999	Sem11	33	11	Semjase	11	378	
7000	Sem12	33	12	Semjase	12	378	
7001	Sem13	33	13	Semjase	13	378	
7002	Sem14	33	14	Semjase	14	378	
7003	Sem15	33	15	Semjase	15	378	
7004	Sem16	33	16	Semjase	16	378	
7005	Sem17	33	17	Semjase	17	378	
7006	Sem18	33	18	Semjase	18	378	
7007	Sem19	33	19	Semjase	19	378	
7008	Sem20	33	20	Semjase	20	378	
7009	Sem21	33	21	Semjase	21	378	
7010	Sem22	33	22	Semjase	22	378	
7011	Sem23	33	23	Semjase	23	378	
7012	Sem24	33	24	Semjase	24	378	
7013	Sem25	33	25	Semjase	25	378	
7014	Sem26	33	26	Semjase	26	378	
7015	Sem27	33	27	Semjase	27	378	
7016	Sem28	33	28	Semjase	28	379	
7017	Sem29	33	29	Semjase	29	379	
7018	Sem30	33	30	Semjase	30	379	
7019	Sem31	33	31	Semjase	31	379	
7020	Sem32	33	32	Semjase	32	379	
7021	Sem33	33	33	Semjase	33	379	
7022	Sem34	33	34	Semjase	34	379	
7023	Sem35	33	35	Semjase	35	379	
7024	Sem36	33	36	Semjase	36	379	
7025	Sem37	33	37	Semjase	37	379	
7026	Sem38	33	38	Semjase	38	379	
7027	Sem39	33	39	Semjase	39	379	
7028	Sem40	33	40	Semjase	40	379	
7029	Sem41	33	41	Semjase	41	379	
7030	Sem42	33	42	Semjase	42	379	
7031	Sem43	33	43	Semjase	43	379	
7032	Sem44	33	44	Semjase	44	380	
7033	Sem45	33	45	Semjase	45	380	
7034	Sem46	33	46	Semjase	46	380	
7035	Sem47	33	47	Semjase	47	380	
7036	Sem48	33	48	Semjase	48	380	
7037	Sem49	33	49	Semjase	49	380	
7038	Sem50	33	50	Semjase	50	380	
7039	Sem51	33	51	Semjase	51	380	
7040	Sem52	33	52	Semjase	52	380	
7041	Sem53	33	53	Semjase	53	380	
7042	Sem54	33	54	Semjase	54	380	
7043	Sem55	33	55	Semjase	55	380	
7044	Sem56	33	56	Semjase	56	380	
7045	Sem57	33	57	Semjase	57	380	
7046	Sem58	33	58	Semjase	58	380	
7047	Sem59	33	59	Semjase	59	380	
7048	Sem60	33	60	Semjase	60	380	
7049	Sem61	33	61	Semjase	61	380	
7050	Sem62	33	62	Semjase	62	380	
7051	Sem63	33	63	Semjase	63	380	
7052	Sem64	33	64	Semjase	64	380	
7053	Sem65	33	65	Semjase	65	380	
7054	Sem66	33	66	Semjase	66	380	
7055	Sem67	33	67	Semjase	67	380	
7056	Sem68	33	68	Semjase	68	381	
7057	Sem69	33	69	Semjase	69	381	
7058	Sem70	33	70	Semjase	70	381	
7059	Sem71	33	71	Semjase	71	381	
7060	Sem72	33	72	Semjase	72	381	
7061	Sem73	33	73	Semjase	73	381	
7062	Sem74	33	74	Semjase	74	381	
7063	Sem75	33	75	Semjase	75	381	
7064	Sem76	33	76	Semjase	76	381	
7065	Sem77	33	77	Semjase	77	381	
7066	Sem78	33	78	Semjase	78	381	
7067	Sem79	33	79	Semjase	79	381	
7068	Sem80	33	80	Semjase	80	381	
7069	Sem81	33	81	Semjase	81	381	
7070	Sem82	33	82	Semjase	82	381	
7071	Sem83	33	83	Semjase	83	381	
7072	Sem84	33	84	Semjase	84	381	
7073	Sem85	33	85	Semjase	85	381	
7074	Sem86	33	86	Semjase	86	381	
7075	Sem87	33	87	Semjase	87	381	
7076	Sem88	33	88	Semjase	88	382	
7077	Sem89	33	89	Semjase	89	382	
7078	Sem90	33	90	Semjase	90	382	
7079	Sem91	33	91	Semjase	91	382	
7080	Sem92	33	92	Semjase	92	382	
7081	Sem93	33	93	Semjase	93	382	
7082	Sem1	34	1	Semjase	1	382	
7083	Sem2	34	2	Semjase	2	382	
7084	Sem3	34	3	Semjase	3	382	
7085	Sem4	34	4	Semjase	4	382	
7086	Sem5	34	5	Semjase	5	382	
7087	Sem6	34	6	Semjase	6	382	
7088	Sem7	34	7	Semjase	7	382	
7089	Sem8	34	8	Semjase	8	382	
7090	Sem9	34	9	Semjase	9	383	
7091	Sem10	34	10	Semjase	10	383	
7092	Sem11	34	11	Semjase	11	383	
7093	Sem12	34	12	Semjase	12	383	
7094	Sem13	34	13	Semjase	13	383	
7095	Sem14	34	14	Semjase	14	383	
7096	Sem15	34	15	Semjase	15	383	
7097	Sem16	34	16	Semjase	16	383	
7098	Sem17	34	17	Semjase	17	383	
7099	Sem18	34	18	Semjase	18	383	
7100	Sem19	34	19	Semjase	19	383	
7101	Sem20	34	20	Semjase	20	383	
7102	Sem21	34	21	Semjase	21	383	
7103	Sem22	34	22	Semjase	22	383	
7104	Sem23	34	23	Semjase	23	383	
7105	Sem24	34	24	Semjase	24	383	
7106	Sem25	34	25	Semjase	25	383	
7107	Sem26	34	26	Semjase	26	383	
7108	Sem27	34	27	Semjase	27	383	
7109	Sem28	34	28	Semjase	28	383	
7110	Sem29	34	29	Semjase	29	383	
7111	Sem30	34	30	Semjase	30	383	
7112	Sem31	34	31	Semjase	31	386	
7113	Sem32	34	32	Semjase	32	386	
7114	Sem33	34	33	Semjase	33	386	
7115	Sem34	34	34	Semjase	34	386	
7116	Sem35	34	35	Semjase	35	386	
7117	Sem36	34	36	Semjase	36	386	
7118	Sem37	34	37	Semjase	37	386	
7119	Sem38	34	38	Semjase	38	386	
7120	Sem39	34	39	Semjase	39	386	
7121	Sem40	34	40	Semjase	40	386	
7122	Sem41	34	41	Semjase	41	386	
7123	Sem42	34	42	Semjase	42	386	
7124	Sem43	34	43	Semjase	43	386	
7125	Sem44	34	44	Semjase	44	386	
7126	Sem45	34	45	Semjase	45	386	
7127	Sem46	34	46	Semjase	46	386	
7128	Sem47	34	47	Semjase	47	386	
7129	Sem48	34	48	Semjase	48	386	
7130	Sem49	34	49	Semjase	49	387	
7131	Sem50	34	50	Semjase	50	387	
7132	Sem51	34	51	Semjase	51	387	
7133	Sem52	34	52	Semjase	52	387	
7134	Sem53	34	53	Semjase	53	387	
7135	Sem54	34	54	Semjase	54	387	
7136	Sem55	34	55	Semjase	55	387	
7137	Sem56	34	56	Semjase	56	387	
7138	Sem57	34	57	Semjase	57	387	
7139	Sem58	34	58	Semjase	58	387	
7140	Sem59	34	59	Semjase	59	387	
7141	Sem60	34	60	Semjase	60	387	
7142	Sem61	34	61	Semjase	61	387	
7143	Sem62	34	62	Semjase	62	387	
7144	Sem63	34	63	Semjase	63	387	
7145	Sem64	34	64	Semjase	64	387	
7146	Sem65	34	65	Semjase	65	387	
7147	Sem66	34	66	Semjase	66	387	
7148	Sem67	34	67	Semjase	67	388	
7149	Sem68	34	68	Semjase	68	388	
7150	Sem69	34	69	Semjase	69	388	
7151	Sem70	34	70	Semjase	70	388	
7152	Sem71	34	71	Semjase	71	388	
7153	Sem72	34	72	Semjase	72	388	
7154	Sem73	34	73	Semjase	73	388	
7155	Sem74	34	74	Semjase	74	388	
7156	Sem75	34	75	Semjase	75	388	
7157	Sem76	34	76	Semjase	76	388	
7158	Sem77	34	77	Semjase	77	388	
7159	Sem78	34	78	Semjase	78	388	
7160	Sem79	34	79	Semjase	79	388	
7161	Sem80	34	80	Semjase	80	388	
7162	Sem81	34	81	Semjase	81	388	
7163	Sem82	34	82	Semjase	82	388	
7164	Sem83	34	83	Semjase	83	388	
7165	Sem84	34	84	Semjase	84	388	
7166	Sem85	34	85	Semjase	85	388	
7167	Sem86	34	86	Semjase	86	388	
7168	Sem87	34	87	Semjase	87	388	
7169	Sem88	34	88	Semjase	88	388	
7170	Sem89	34	89	Semjase	89	388	
7171	Sem90	34	90	Semjase	90	389	
7172	Sem91	34	91	Semjase	91	389	
7173	Sem92	34	92	Semjase	92	389	
7174	Sem93	34	93	Semjase	93	389	
7175	Sem94	34	94	Semjase	94	389	
7176	Sem95	34	95	Semjase	95	389	
7177	Sem96	34	96	Semjase	96	389	
7178	Sem97	34	97	Semjase	97	389	
7179	Sem98	34	98	Semjase	98	389	
7180	Sem99	34	99	Semjase	99	389	
7181	Sem100	34	100	Semjase	100	389	
7182	Sem101	34	101	Semjase	101	389	
7183	Sem102	34	102	Semjase	102	389	
7184	Sem103	34	103	Semjase	103	389	
7185	Sem104	34	104	Semjase	104	389	
7186	Sem105	34	105	Semjase	105	389	
7187	Sem106	34	106	Semjase	106	389	
7188	Sem107	34	107	Semjase	107	390	
7189	Sem108	34	108	Semjase	108	390	
7190	Sem109	34	109	Semjase	109	390	
7191	Sem110	34	110	Semjase	110	390	
7192	Sem111	34	111	Semjase	111	390	
7193	Sem112	34	112	Semjase	112	390	
7194	Sem113	34	113	Semjase	113	390	
7195	Sem114	34	114	Semjase	114	391	
7196	Sem115	34	115	Semjase	115	391	
7197	Sem116	34	116	Semjase	116	391	
7198	Sem117	34	117	Semjase	117	391	
7199	Sem118	34	118	Semjase	118	392	
7200	Sem119	34	119	Semjase	119	392	
7201	Sem120	34	120	Semjase	120	392	
7202	Sem121	34	121	Semjase	121	392	
7203	Sem122	34	122	Semjase	122	392	
7204	Sem123	34	123	Semjase	123	392	
7205	Sem124	34	124	Semjase	124	392	
7206	Sem125	34	125	Semjase	125	392	
7207	Sem126	34	126	Semjase	126	392	
7208	Sem127	34	127	Semjase	127	392	
7209	Sem128	34	128	Semjase	128	392	
7210	Sem129	34	129	Semjase	129	392	
7211	Sem130	34	130	Semjase	130	392	
7212	Sem131	34	131	Semjase	131	392	
7213	Sem132	34	132	Semjase	132	392	
7214	Sem133	34	133	Semjase	133	392	
7215	Sem134	34	134	Semjase	134	392	
7216	Sem135	34	135	Semjase	135	392	
7217	Sem136	34	136	Semjase	136	392	
7218	Sem137	34	137	Semjase	137	392	
7219	Sem138	34	138	Semjase	138	392	
7220	Sem139	34	139	Semjase	139	392	
7221	Sem140	34	140	Semjase	140	392	
7222	Sem141	34	141	Semjase	141	392	
7223	Sem142	34	142	Semjase	142	392	
7224	Sem143	34	143	Semjase	143	392	
7225	Sem144	34	144	Semjase	144	392	
7226	Sem145	34	145	Semjase	145	392	
7227	Sem146	34	146	Semjase	146	392	
7228	Sem147	34	147	Semjase	147	392	
7229	Sem148	34	148	Semjase	148	393	
7230	Sem149	34	149	Semjase	149	393	
7231	Sem150	34	150	Semjase	150	393	
7232	Sem151	34	151	Semjase	151	393	
7233	Sem152	34	152	Semjase	152	393	
7234	Sem153	34	153	Semjase	153	393	
7235	Sem154	34	154	Semjase	154	393	
7236	Sem155	34	155	Semjase	155	393	
7237	Sem156	34	156	Semjase	156	393	
7238	Sem157	34	157	Semjase	157	393	
7239	Sem158	34	158	Semjase	158	393	
7240	Sem159	34	159	Semjase	159	393	
7241	Sem160	34	160	Semjase	160	393	
7242	Sem161	34	161	Semjase	161	393	
7243	Sem162	34	162	Semjase	162	394	
7244	Sem163	34	163	Semjase	163	394	
7245	Sem164	34	164	Semjase	164	394	
7246	Sem165	34	165	Semjase	165	394	
7247	Sem166	34	166	Semjase	166	394	
7248	Sem167	34	167	Semjase	167	394	
7249	Sem168	34	168	Semjase	168	394	
7250	Sem169	34	169	Semjase	169	394	
7251	Sem170	34	170	Semjase	170	394	
7252	Sem171	34	171	Semjase	171	394	
7253	Sem172	34	172	Semjase	172	394	
7254	Sem173	34	173	Semjase	173	394	
7255	Sem174	34	174	Semjase	174	394	
7256	Sem175	34	175	Semjase	175	395	
7257	Sem176	34	176	Semjase	176	395	
7258	Sem177	34	177	Semjase	177	395	
7259	Sem178	34	178	Semjase	178	395	
7260	Sem179	34	179	Semjase	179	395	
7261	Sem180	34	180	Semjase	180	395	
7262	Sem181	34	181	Semjase	181	395	
7263	Sem182	34	182	Semjase	182	395	
7264	Sem183	34	183	Semjase	183	395	
7265	Sem184	34	184	Semjase	184	395	
7266	Sem185	34	185	Semjase	185	395	
7267	Sem186	34	186	Semjase	186	395	
7268	Sem187	34	187	Semjase	187	395	
7269	Sem188	34	188	Semjase	188	395	
7270	Sem189	34	189	Semjase	189	395	
7271	Sem190	34	190	Semjase	190	395	
7272	Sem191	34	191	Semjase	191	395	
7273	Sem192	34	192	Semjase	192	395	
7274	Sem193	34	193	Semjase	193	395	
7275	Sem194	34	194	Semjase	194	395	
7276	Sem195	34	195	Semjase	195	395	
7277	Sem196	34	196	Semjase	196	396	
7278	Sem197	34	197	Semjase	197	396	
7279	Sem198	34	198	Semjase	198	396	
7280	Sem199	34	199	Semjase	199	396	
7281	Sem200	34	200	Semjase	200	396	
7282	Sem201	34	201	Semjase	201	396	
7283	Sem202	34	202	Semjase	202	396	
7284	Sem203	34	203	Semjase	203	396	
7285	Sem204	34	204	Semjase	204	396	
7286	Sem205	34	205	Semjase	205	396	
7287	Sem206	34	206	Semjase	206	396	
7288	Sem207	34	207	Semjase	207	396	
7289	Sem208	34	208	Semjase	208	396	
7290	Sem209	34	209	Semjase	209	396	
7291	Sem210	34	210	Semjase	210	396	
7292	Sem211	34	211	Semjase	211	396	
7293	Sem212	34	212	Semjase	212	396	
7294	Sem213	34	213	Semjase	213	396	
7295	Sem214	34	214	Semjase	214	396	
7296	Sem215	34	215	Semjase	215	397	
7297	Sem216	34	216	Semjase	216	397	
7298	Sem217	34	217	Semjase	217	397	
7299	Sem218	34	218	Semjase	218	397	
7300	Sem219	34	219	Semjase	219	397	
7301	Sem220	34	220	Semjase	220	397	
7302	Sem221	34	221	Semjase	221	397	
7303	Sem222	34	222	Semjase	222	397	
7304	Sem223	34	223	Semjase	223	397	
7305	Sem224	34	224	Semjase	224	397	
7306	Sem225	34	225	Semjase	225	397	
7307	Sem226	34	226	Semjase	226	397	
7308	Sem227	34	227	Semjase	227	397	
7309	Sem228	34	228	Semjase	228	397	
7310	Sem229	34	229	Semjase	229	397	
7311	Sem230	34	230	Semjase	230	398	
7312	Sem231	34	231	Semjase	231	398	
7313	Sem232	34	232	Semjase	232	398	
7314	Sem233	34	233	Semjase	233	398	
7315	Sem234	34	234	Semjase	234	398	
7316	Sem235	34	235	Semjase	235	398	
7317	Sem236	34	236	Semjase	236	398	
7318	Sem237	34	237	Semjase	237	398	
7319	Sem238	34	238	Semjase	238	398	
7320	Sem239	34	239	Semjase	239	398	
7321	Sem240	34	240	Semjase	240	398	
7322	Sem241	34	241	Semjase	241	398	
7323	Sem242	34	242	Semjase	242	398	
7324	Sem243	34	243	Semjase	243	398	
7325	Sem244	34	244	Semjase	244	398	
7326	Sem245	34	245	Semjase	245	398	
7327	Sem246	34	246	Semjase	246	399	
7328	Sem247	34	247	Semjase	247	399	
7329	Sem248	34	248	Semjase	248	399	
7330	Sem249	34	249	Semjase	249	399	
7331	Sem250	34	250	Semjase	250	399	
7332	Sem251	34	251	Semjase	251	399	
7333	Sem252	34	252	Semjase	252	399	
7334	Sem253	34	253	Semjase	253	399	
7335	Sem254	34	254	Semjase	254	399	
7336	Sem255	34	255	Semjase	255	399	
7337	Sem256	34	256	Semjase	256	399	
7338	Sem257	34	257	Semjase	257	399	
7339	Sem258	34	258	Semjase	258	399	
7340	Sem259	34	259	Semjase	259	399	
7341	Sem260	34	260	Semjase	260	400	
7342	Sem261	34	261	Semjase	261	400	
7343	Sem262	34	262	Semjase	262	400	
7344	Sem263	34	263	Semjase	263	400	
7345	Sem264	34	264	Semjase	264	400	
7346	Sem265	34	265	Semjase	265	400	
7347	Sem266	34	266	Semjase	266	400	
7348	Sem267	34	267	Semjase	267	400	
7349	Sem268	34	268	Semjase	268	400	
7350	Sem269	34	269	Semjase	269	400	
7351	Sem270	34	270	Semjase	270	400	
7352	Sem271	34	271	Semjase	271	400	
7353	Sem272	34	272	Semjase	272	400	
7354	Sem273	34	273	Semjase	273	400	
7355	Sem274	34	274	Semjase	274	400	
7356	Sem275	34	275	Semjase	275	400	
7357	Sem276	34	276	Semjase	276	400	
7358	Sem277	34	277	Semjase	277	400	
7359	Sem278	34	278	Semjase	278	400	
7360	Sem279	34	279	Semjase	279	400	
7361	Sem280	34	280	Semjase	280	400	
7362	Sem281	34	281	Semjase	281	400	
7363	Sem282	34	282	Semjase	282	401	
7364	Sem283	34	283	Semjase	283	401	
7365	Sem284	34	284	Semjase	284	401	
7366	Sem285	34	285	Semjase	285	401	
7367	Sem286	34	286	Semjase	286	401	
7368	Sem287	34	287	Semjase	287	401	
7369	Sem288	34	288	Semjase	288	401	
7370	Sem289	34	289	Semjase	289	401	
7371	Sem290	34	290	Semjase	290	401	
7372	Sem291	34	291	Semjase	291	401	
7373	Sem292	34	292	Semjase	292	401	
7374	Sem293	34	293	Semjase	293	401	
7375	Sem294	34	294	Semjase	294	401	
7376	Sem295	34	295	Semjase	295	401	
7377	Sem296	34	296	Semjase	296	401	
7378	Sem297	34	297	Semjase	297	401	
7379	Sem298	34	298	Semjase	298	401	
7380	Sem299	34	299	Semjase	299	401	
7381	Sem300	34	300	Semjase	300	402	
7382	Sem301	34	301	Semjase	301	402	
7383	Sem302	34	302	Semjase	302	402	
7384	Sem303	34	303	Semjase	303	402	
7385	Sem304	34	304	Semjase	304	402	
7386	Sem305	34	305	Semjase	305	402	
7387	Sem306	34	306	Semjase	306	402	
7388	Sem307	34	307	Semjase	307	402	
7389	Sem308	34	308	Semjase	308	403	
7390	Sem309	34	309	Semjase	309	403	
7391	Sem310	34	310	Semjase	310	403	
7392	Sem311	34	311	Semjase	311	403	
7393	Sem312	34	312	Semjase	312	403	
7394	Sem313	34	313	Semjase	313	403	
7395	Sem314	34	314	Semjase	314	403	
7396	Sem315	34	315	Semjase	315	403	
7397	Sem316	34	316	Semjase	316	403	
7398	Sem317	34	317	Semjase	317	403	
7399	Sem318	34	318	Semjase	318	403	
7400	Sem319	34	319	Semjase	319	403	
7401	Sem320	34	320	Semjase	320	403	
7402	Sem1	35	1	Semjase	1	422	
7403	Sem2	35	2	Semjase	2	422	
7404	Sem3	35	3	Semjase	3	422	
7405	Sem4	35	4	Semjase	4	422	
7406	Sem5	35	5	Semjase	5	422	
7407	Sem6	35	6	Semjase	6	422	
7408	Sem7	35	7	Semjase	7	422	
7409	Sem8	35	8	Semjase	8	422	
7410	Sem9	35	9	Semjase	9	422	
7411	Sem10	35	10	Semjase	10	422	
7412	Sem11	35	11	Semjase	11	422	
7413	Sem12	35	12	Semjase	12	422	
7414	Sem13	35	13	Semjase	13	422	
7415	Sem14	35	14	Semjase	14	422	
7416	Sem15	35	15	Semjase	15	422	
7417	Sem16	35	16	Semjase	16	422	
7418	Sem17	35	17	Semjase	17	422	
7419	Sem18	35	18	Semjase	18	422	
7420	Sem19	35	19	Semjase	19	422	
7421	Sem20	35	20	Semjase	20	422	
7422	Sem21	35	21	Semjase	21	422	
7423	Sem22	35	22	Semjase	22	423	
7424	Sem23	35	23	Semjase	23	423	
7425	Sem24	35	24	Semjase	24	423	
7426	Sem25	35	25	Semjase	25	423	
7427	Sem26	35	26	Semjase	26	423	
7428	Sem27	35	27	Semjase	27	423	
7429	Sem28	35	28	Semjase	28	423	
7430	Sem29	35	29	Semjase	29	423	
7431	Sem30	35	30	Semjase	30	424	
7432	Sem31	35	31	Semjase	31	424	
7433	Sem32	35	32	Semjase	32	424	
7434	Sem33	35	33	Semjase	33	424	
7435	Sem34	35	34	Semjase	34	424	
7436	Sem35	35	35	Semjase	35	424	
7437	Sem36	35	36	Semjase	36	424	
7438	Sem37	35	37	Semjase	37	424	
7439	Sem38	35	38	Semjase	38	425	
7440	Sem39	35	39	Semjase	39	425	
7441	Sem40	35	40	Semjase	40	425	
7442	Sem41	35	41	Semjase	41	425	
7443	Sem42	35	42	Semjase	42	425	
7444	Sem43	35	43	Semjase	43	425	
7445	Sem44	35	44	Semjase	44	425	
7446	Sem45	35	45	Semjase	45	425	
7447	Sem46	35	46	Semjase	46	425	
7448	Sem47	35	47	Semjase	47	425	
7449	Sem48	35	48	Semjase	48	425	
7450	Sem49	35	49	Semjase	49	425	
7451	Sem1	36	1	Semjase	1	459	
7452	Sem2	36	2	Semjase	2	459	
7453	Sem3	36	3	Semjase	3	459	
7454	Sem4	36	4	Semjase	4	459	
7455	Sem5	36	5	Semjase	5	459	
7456	Sem6	36	6	Semjase	6	459	
7457	Sem7	36	7	Semjase	7	459	
7458	Sem8	36	8	Semjase	8	459	
7459	Sem9	36	9	Semjase	9	459	
7460	Sem10	36	10	Semjase	10	459	
7461	Sem11	36	11	Semjase	11	459	
7462	Sem12	36	12	Semjase	12	459	
7463	Sem13	36	13	Semjase	13	459	
7464	Sem14	36	14	Semjase	14	459	
7465	Sem15	36	15	Semjase	15	459	
7466	Sem16	36	16	Semjase	16	459	
7467	Sem17	36	17	Semjase	17	459	
7468	Sem18	36	18	Semjase	18	459	
7469	Sem19	36	19	Semjase	19	460	
7470	Sem20	36	20	Semjase	20	460	
7471	Sem21	36	21	Semjase	21	460	
7472	Sem22	36	22	Semjase	22	460	
7473	Sem23	36	23	Semjase	23	460	
7474	Sem24	36	24	Semjase	24	460	
7475	Sem25	36	25	Semjase	25	460	
7476	Sem26	36	26	Semjase	26	460	
7477	Sem27	36	27	Semjase	27	460	
7478	Sem28	36	28	Semjase	28	460	
7479	Sem29	36	29	Semjase	29	460	
7480	Sem30	36	30	Semjase	30	460	
7481	Sem31	36	31	Semjase	31	460	
7482	Sem32	36	32	Semjase	32	460	
7483	Sem33	36	33	Semjase	33	460	
7484	Sem34	36	34	Semjase	34	461	
7485	Sem35	36	35	Semjase	35	461	
7486	Sem36	36	36	Semjase	36	461	
7487	Sem37	36	37	Semjase	37	461	
7488	Sem38	36	38	Semjase	38	461	
7489	Sem39	36	39	Semjase	39	461	
7490	Sem40	36	40	Semjase	40	461	
7491	Sem41	36	41	Semjase	41	461	
7492	Sem42	36	42	Semjase	42	461	
7493	Sem43	36	43	Semjase	43	461	
7494	Sem44	36	44	Semjase	44	461	
7495	Sem45	36	45	Semjase	45	461	
7496	Sem46	36	46	Semjase	46	461	
7497	Sem47	36	47	Semjase	47	461	
7498	Sem48	36	48	Semjase	48	461	
7499	Sem49	36	49	Semjase	49	462	
7500	Sem50	36	50	Semjase	50	462	
7501	Sem51	36	51	Semjase	51	462	
7502	Sem52	36	52	Semjase	52	462	
7503	Sem53	36	53	Semjase	53	462	
7504	Sem54	36	54	Semjase	54	462	
7505	Sem55	36	55	Semjase	55	462	
7506	Sem56	36	56	Semjase	56	462	
7507	Sem57	36	57	Semjase	57	462	
7508	Sem58	36	58	Semjase	58	462	
7509	Sem59	36	59	Semjase	59	462	
7510	Sem60	36	60	Semjase	60	462	
7511	Sem61	36	61	Semjase	61	462	
7512	Sem62	36	62	Semjase	62	462	
7513	Sem63	36	63	Semjase	63	462	
7514	Sem64	36	64	Semjase	64	462	
7515	Sem65	36	65	Semjase	65	462	
7516	Sem66	36	66	Semjase	66	462	
7517	Sem67	36	67	Semjase	67	462	
7518	Sem68	36	68	Semjase	68	463	
7519	Sem69	36	69	Semjase	69	463	
7520	Sem70	36	70	Semjase	70	463	
7521	Sem71	36	71	Semjase	71	463	
7522	Sem72	36	72	Semjase	72	463	
7523	Sem73	36	73	Semjase	73	463	
7524	Sem74	36	74	Semjase	74	463	
7525	Sem75	36	75	Semjase	75	463	
7526	Sem76	36	76	Semjase	76	463	
7527	Sem77	36	77	Semjase	77	463	
7528	Sem78	36	78	Semjase	78	463	
7529	Sem79	36	79	Semjase	79	463	
7530	Sem80	36	80	Semjase	80	463	
7531	Sem81	36	81	Semjase	81	464	
7532	Sem82	36	82	Semjase	82	464	
7533	Sem83	36	83	Semjase	83	464	
7534	Sem84	36	84	Semjase	84	464	
7535	Sem85	36	85	Semjase	85	464	
7536	Sem86	36	86	Semjase	86	464	
7537	Sem87	36	87	Semjase	87	464	
7538	Sem88	36	88	Semjase	88	464	
7539	Sem89	36	89	Semjase	89	464	
7540	Sem90	36	90	Semjase	90	464	
7541	Sem91	36	91	Semjase	91	464	
7542	Sem92	36	92	Semjase	92	464	
7543	Sem93	36	93	Semjase	93	464	
7544	Sem94	36	94	Semjase	94	465	
7545	Sem95	36	95	Semjase	95	465	
7546	Sem96	36	96	Semjase	96	465	
7547	Sem97	36	97	Semjase	97	465	
7548	Sem98	36	98	Semjase	98	465	
7549	Sem99	36	99	Semjase	99	465	
7550	Pta1	36	100	Ptaah	1	465	
7551	Pta2	36	101	Ptaah	2	465	
7552	Pta3	36	102	Ptaah	3	465	
7553	Pta4	36	103	Ptaah	4	465	
7554	Pta5	36	104	Ptaah	5	465	
7555	Pta6	36	105	Ptaah	6	465	
7556	Pta7	36	106	Ptaah	7	465	
7557	Pta8	36	107	Ptaah	8	465	
7558	Pta9	36	108	Ptaah	9	465	
7559	Pta10	36	109	Ptaah	10	465	
7560	Pta11	36	110	Ptaah	11	465	
7561	Pta12	36	111	Ptaah	12	465	
7562	Pta13	36	112	Ptaah	13	465	
7563	Pta14	36	113	Ptaah	14	465	
7564	Pta15	36	114	Ptaah	15	465	
7565	Pta16	36	115	Ptaah	16	465	
7566	Pta17	36	116	Ptaah	17	465	
7567	Pta18	36	117	Ptaah	18	468	
7568	Pta19	36	118	Ptaah	19	468	
7569	Pta20	36	119	Ptaah	20	468	
7570	Pta21	36	120	Ptaah	21	468	
7571	Pta22	36	121	Ptaah	22	468	
7572	Pta23	36	122	Ptaah	23	468	
7573	Pta24	36	123	Ptaah	24	468	
7574	Pta25	36	124	Ptaah	25	468	
7575	Pta26	36	125	Ptaah	26	468	
7576	Pta27	36	126	Ptaah	27	469	
7577	Pta28	36	127	Ptaah	28	469	
7578	Pta29	36	128	Ptaah	29	469	
7579	Pta30	36	129	Ptaah	30	469	
7580	Pta31	36	130	Ptaah	31	469	
7581	Pta32	36	131	Ptaah	32	469	
7582	Pta33	36	132	Ptaah	33	469	
7583	Pta34	36	133	Ptaah	34	469	
7584	Pta35	36	134	Ptaah	35	469	
7585	Pta36	36	135	Ptaah	36	469	
7586	Pta37	36	136	Ptaah	37	469	
7587	Pta38	36	137	Ptaah	38	469	
7588	Pta39	36	138	Ptaah	39	469	
7589	Pta40	36	139	Ptaah	40	469	
7590	Pta41	36	140	Ptaah	41	469	
7591	Pta42	36	141	Ptaah	42	469	
7592	Pta43	36	142	Ptaah	43	469	
7593	Pta44	36	143	Ptaah	44	469	
7594	Pta45	36	144	Ptaah	45	469	
7595	Pta46	36	145	Ptaah	46	469	
7596	Pta47	36	146	Ptaah	47	469	
7597	Pta48	36	147	Ptaah	48	469	
7598	Pta49	36	148	Ptaah	49	470	
7599	Pta50	36	149	Ptaah	50	470	
7600	Pta51	36	150	Ptaah	51	470	
7601	Pta52	36	151	Ptaah	52	470	
7602	Pta53	36	152	Ptaah	53	470	
7603	Pta54	36	153	Ptaah	54	470	
7604	Pta55	36	154	Ptaah	55	470	
7605	Pta56	36	155	Ptaah	56	470	
7606	Pta57	36	156	Ptaah	57	470	
7607	Pta58	36	157	Ptaah	58	470	
7608	Pta59	36	158	Ptaah	59	470	
7609	Pta60	36	159	Ptaah	60	470	
7610	Pta61	36	160	Ptaah	61	470	
7611	Pta62	36	161	Ptaah	62	470	
7612	Pta63	36	162	Ptaah	63	470	
7613	Pta64	36	163	Ptaah	64	470	
7614	Pta65	36	164	Ptaah	65	470	
7615	Pta66	36	165	Ptaah	66	470	
7616	Pta67	36	166	Ptaah	67	470	
7617	Pta68	36	167	Ptaah	68	470	
7618	Pta69	36	168	Ptaah	69	470	
7619	Pta70	36	169	Ptaah	70	470	
7620	Pta71	36	170	Ptaah	71	470	
7621	Pta72	36	171	Ptaah	72	470	
7622	Pta73	36	172	Ptaah	73	470	
7623	Pta74	36	173	Ptaah	74	470	
7624	Pta75	36	174	Ptaah	75	470	
7625	Pta76	36	175	Ptaah	76	471	
7626	Pta77	36	176	Ptaah	77	471	
7627	Pta78	36	177	Ptaah	78	471	
7628	Pta79	36	178	Ptaah	79	471	
7629	Pta80	36	179	Ptaah	80	471	
7630	Pta81	36	180	Ptaah	81	471	
7631	Pta82	36	181	Ptaah	82	471	
7632	Pta83	36	182	Ptaah	83	471	
7633	Pta84	36	183	Ptaah	84	471	
7634	Pta85	36	184	Ptaah	85	471	
7635	Pta86	36	185	Ptaah	86	471	
7636	Pta87	36	186	Ptaah	87	471	
7637	Pta88	36	187	Ptaah	88	471	
7638	Pta89	36	188	Ptaah	89	471	
7639	Pta90	36	189	Ptaah	90	471	
7640	Pta91	36	190	Ptaah	91	471	
7641	Pta92	36	191	Ptaah	92	471	
7642	Pta93	36	192	Ptaah	93	471	
7643	Pta94	36	193	Ptaah	94	471	
7644	Pta95	36	194	Ptaah	95	471	
7645	Pta96	36	195	Ptaah	96	471	
7646	Pta97	36	196	Ptaah	97	471	
7647	Pta98	36	197	Ptaah	98	471	
7648	Pta99	36	198	Ptaah	99	471	
7649	Pta100	36	199	Ptaah	100	471	
7650	Pta101	36	200	Ptaah	101	471	
7651	Pta102	36	201	Ptaah	102	472	
7652	Pta103	36	202	Ptaah	103	472	
7653	Pta104	36	203	Ptaah	104	472	
7654	Pta105	36	204	Ptaah	105	472	
7655	Pta106	36	205	Ptaah	106	472	
7656	Pta107	36	206	Ptaah	107	472	
7657	Pta108	36	207	Ptaah	108	472	
7658	Pta109	36	208	Ptaah	109	472	
7659	Pta110	36	209	Ptaah	110	472	
7660	Pta111	36	210	Ptaah	111	472	
7661	Pta112	36	211	Ptaah	112	472	
7662	Pta113	36	212	Ptaah	113	472	
7663	Pta114	36	213	Ptaah	114	472	
7664	Pta115	36	214	Ptaah	115	472	
7665	Pta116	36	215	Ptaah	116	472	
7666	Pta117	36	216	Ptaah	117	472	
7667	Pta118	36	217	Ptaah	118	472	
7668	Pta119	36	218	Ptaah	119	472	
7669	Pta120	36	219	Ptaah	120	472	
7670	Pta121	36	220	Ptaah	121	472	
7671	Pta122	36	221	Ptaah	122	472	
7672	Pta123	36	222	Ptaah	123	472	
7673	Pta124	36	223	Ptaah	124	472	
7674	Pta125	36	224	Ptaah	125	472	
7675	Pta126	36	225	Ptaah	126	473	
7676	Pta127	36	226	Ptaah	127	473	
7677	Pta128	36	227	Ptaah	128	473	
7678	Pta129	36	228	Ptaah	129	473	
7679	Pta130	36	229	Ptaah	130	473	
7680	Pta131	36	230	Ptaah	131	473	
7681	Pta132	36	231	Ptaah	132	473	
7682	Pta133	36	232	Ptaah	133	473	
7683	Pta134	36	233	Ptaah	134	473	
7684	Pta135	36	234	Ptaah	135	473	
7685	Pta136	36	235	Ptaah	136	473	
7686	Pta137	36	236	Ptaah	137	473	
7687	Pta138	36	237	Ptaah	138	473	
7688	Pta139	36	238	Ptaah	139	473	
7689	Pta140	36	239	Ptaah	140	473	
7690	Pta141	36	240	Ptaah	141	473	
7691	Pta142	36	241	Ptaah	142	473	
7692	Pta143	36	242	Ptaah	143	473	
7693	Pta144	36	243	Ptaah	144	473	
7694	Pta145	36	244	Ptaah	145	473	
7695	Pta146	36	245	Ptaah	146	473	
7696	Pta147	36	246	Ptaah	147	473	
7697	Pta148	36	247	Ptaah	148	473	
7698	Pta149	36	248	Ptaah	149	473	
7699	Pta150	36	249	Ptaah	150	473	
7700	Pta151	36	250	Ptaah	151	473	
7701	Pta152	36	251	Ptaah	152	473	
7702	Pta153	36	252	Ptaah	153	474	
7703	Pta154	36	253	Ptaah	154	474	
7704	Pta155	36	254	Ptaah	155	474	
7705	Pta156	36	255	Ptaah	156	474	
7706	Pta157	36	256	Ptaah	157	474	
7707	Pta158	36	257	Ptaah	158	474	
7708	Pta159	36	258	Ptaah	159	474	
7709	Pta160	36	259	Ptaah	160	474	
7710	Pta161	36	260	Ptaah	161	474	
7711	Pta162	36	261	Ptaah	162	474	
7712	Pta163	36	262	Ptaah	163	474	
7713	Pta164	36	263	Ptaah	164	474	
7714	Pta165	36	264	Ptaah	165	474	
7715	Pta166	36	265	Ptaah	166	474	
7716	Pta167	36	266	Ptaah	167	474	
7717	Pta168	36	267	Ptaah	168	474	
7718	Pta169	36	268	Ptaah	169	474	
7719	Pta170	36	269	Ptaah	170	474	
7720	Pta171	36	270	Ptaah	171	474	
7721	Pta172	36	271	Ptaah	172	474	
7722	Pta173	36	272	Ptaah	173	474	
7723	Pta174	36	273	Ptaah	174	474	
7724	Pta175	36	274	Ptaah	175	474	
7725	Pta176	36	275	Ptaah	176	474	
7726	Pta177	36	276	Ptaah	177	474	
7727	Pta178	36	277	Ptaah	178	474	
7728	Pta179	36	278	Ptaah	179	475	
7729	Pta180	36	279	Ptaah	180	475	
7730	Pta181	36	280	Ptaah	181	475	
7731	Pta182	36	281	Ptaah	182	475	
7732	Pta183	36	282	Ptaah	183	475	
7733	Pta184	36	283	Ptaah	184	475	
7734	Sem100	36	284	Semjase	100	475	
7735	Sem101	36	285	Semjase	101	475	
7736	Sem102	36	286	Semjase	102	475	
7737	Sem103	36	287	Semjase	103	475	
7738	Sem104	36	288	Semjase	104	475	
7739	Sem105	36	289	Semjase	105	475	
7740	Sem106	36	290	Semjase	106	475	
7741	Sem107	36	291	Semjase	107	475	
7742	Sem108	36	292	Semjase	108	475	
7743	Sem109	36	293	Semjase	109	475	
7744	Sem110	36	294	Semjase	110	475	
7745	Sem111	36	295	Semjase	111	475	
7746	Sem112	36	296	Semjase	112	475	
7747	Sem113	36	297	Semjase	113	476	
7748	Sem114	36	298	Semjase	114	476	
7749	Sem115	36	299	Semjase	115	476	
7750	Sem116	36	300	Semjase	116	476	
7751	Sem117	36	301	Semjase	117	476	
7752	Sem118	36	302	Semjase	118	476	
7753	Sem119	36	303	Semjase	119	476	
7754	Sem120	36	304	Semjase	120	476	
7755	Sem121	36	305	Semjase	121	476	
7756	Sem122	36	306	Semjase	122	476	
7757	Sem123	36	307	Semjase	123	476	
7758	Sem124	36	308	Semjase	124	476	
7759	Sem125	36	309	Semjase	125	476	
7760	Sem126	36	310	Semjase	126	476	
7761	Sem127	36	311	Semjase	127	476	
7762	Sem128	36	312	Semjase	128	477	
7763	Sem129	36	313	Semjase	129	477	
7764	Sem130	36	314	Semjase	130	477	
7765	Sem131	36	315	Semjase	131	477	
7766	Sem132	36	316	Semjase	132	477	
7767	Sem133	36	317	Semjase	133	477	
7768	Sem134	36	318	Semjase	134	477	
7769	Sem135	36	319	Semjase	135	477	
7770	Sem136	36	320	Semjase	136	477	
7771	Sem137	36	321	Semjase	137	477	
7772	Sem138	36	322	Semjase	138	477	
7773	Sem139	36	323	Semjase	139	477	
7774	Sem140	36	324	Semjase	140	477	
7775	Sem141	36	325	Semjase	141	477	
7776	Sem142	36	326	Semjase	142	477	
7777	Sem143	36	327	Semjase	143	477	
7778	Sem144	36	328	Semjase	144	477	
7779	Sem145	36	329	Semjase	145	477	
7780	Sem146	36	330	Semjase	146	478	
7781	Sem147	36	331	Semjase	147	478	
7782	Sem148	36	332	Semjase	148	478	
7783	Sem149	36	333	Semjase	149	478	
7784	Sem150	36	334	Semjase	150	478	
7785	Sem151	36	335	Semjase	151	478	
7786	Sem152	36	336	Semjase	152	478	
7787	Sem153	36	337	Semjase	153	478	
7788	Sem154	36	338	Semjase	154	478	
7789	Sem155	36	339	Semjase	155	478	
7790	Sem156	36	340	Semjase	156	480	
7791	Sem157	36	341	Semjase	157	480	
7792	Sem158	36	342	Semjase	158	480	
7793	Sem159	36	343	Semjase	159	480	
7794	Sem160	36	344	Semjase	160	480	
7795	Sem161	36	345	Semjase	161	480	
7796	Sem162	36	346	Semjase	162	480	
7797	Sem163	36	347	Semjase	163	480	
7798	Sem164	36	348	Semjase	164	483	
7799	Sem165	36	349	Semjase	165	483	
7800	Sem166	36	350	Semjase	166	483	
7801	Sem167	36	351	Semjase	167	483	
7802	Sem168	36	352	Semjase	168	483	
7803	Sem169	36	353	Semjase	169	483	
7804	Sem170	36	354	Semjase	170	483	
7805	Sem171	36	355	Semjase	171	483	
7806	Sem172	36	356	Semjase	172	483	
7807	Sem1	37	1	Semjase	1	483	
7808	Sem2	37	2	Semjase	2	483	
7809	Sem3	37	3	Semjase	3	483	
7810	Sem4	37	4	Semjase	4	483	
7811	Sem5	37	5	Semjase	5	483	
7812	Sem6	37	6	Semjase	6	483	
7813	Sem7	37	7	Semjase	7	483	
7814	Sem8	37	8	Semjase	8	483	
7815	Sem9	37	9	Semjase	9	483	
7816	Sem10	37	10	Semjase	10	483	
7817	Sem11	37	11	Semjase	11	484	
7818	Sem12	37	12	Semjase	12	484	
7819	Sem13	37	13	Semjase	13	484	
7820	Sem14	37	14	Semjase	14	484	
7821	Sem15	37	15	Semjase	15	484	
7822	Sem16	37	16	Semjase	16	484	
7823	Sem17	37	17	Semjase	17	484	
7824	Sem18	37	18	Semjase	18	484	
7825	Sem19	37	19	Semjase	19	484	
7826	Sem20	37	20	Semjase	20	484	
7827	Sem21	37	21	Semjase	21	484	
7828	Sem22	37	22	Semjase	22	484	
7829	Sem23	37	23	Semjase	23	484	
7830	Sem24	37	24	Semjase	24	484	
7831	Sem25	37	25	Semjase	25	484	
7832	Sem26	37	26	Semjase	26	484	
7833	Sem27	37	27	Semjase	27	484	
7834	Sem28	37	28	Semjase	28	484	
7835	Sem29	37	29	Semjase	29	484	
7836	Sem30	37	30	Semjase	30	485	
7837	Sem31	37	31	Semjase	31	485	
7838	Sem32	37	32	Semjase	32	485	
7839	Sem33	37	33	Semjase	33	485	
7840	Sem34	37	34	Semjase	34	485	
7841	Sem35	37	35	Semjase	35	485	
7842	Sem36	37	36	Semjase	36	485	
7843	Sem37	37	37	Semjase	37	485	
7844	Sem38	37	38	Semjase	38	485	
7845	Sem39	37	39	Semjase	39	485	
7846	Sem40	37	40	Semjase	40	485	
7847	Sem41	37	41	Semjase	41	485	
7848	Sem42	37	42	Semjase	42	485	
7849	Sem43	37	43	Semjase	43	485	
7850	Sem44	37	44	Semjase	44	485	
7851	Sem45	37	45	Semjase	45	485	
7852	Sem46	37	46	Semjase	46	485	
7853	Sem47	37	47	Semjase	47	485	
7854	Sem48	37	48	Semjase	48	485	
7855	Sem49	37	49	Semjase	49	485	
7856	Sem50	37	50	Semjase	50	486	
7857	Sem51	37	51	Semjase	51	486	
7858	Sem52	37	52	Semjase	52	486	
7859	Sem53	37	53	Semjase	53	486	
7860	Sem54	37	54	Semjase	54	486	
7861	Sem55	37	55	Semjase	55	486	
7862	Sem56	37	56	Semjase	56	486	
7863	Sem57	37	57	Semjase	57	486	
7864	Sem58	37	58	Semjase	58	486	
7865	Sem59	37	59	Semjase	59	486	
7866	Sem60	37	60	Semjase	60	486	
7867	Sem61	37	61	Semjase	61	486	
7868	Sem62	37	62	Semjase	62	487	
7869	Sem63	37	63	Semjase	63	487	
7870	Sem64	37	64	Semjase	64	487	
7871	Sem65	37	65	Semjase	65	487	
7872	Sem66	37	66	Semjase	66	487	
7873	Sem67	37	67	Semjase	67	487	
7874	Sem68	37	68	Semjase	68	487	
7875	Sem69	37	69	Semjase	69	487	
7876	Sem70	37	70	Semjase	70	487	
7877	Sem71	37	71	Semjase	71	487	
7878	Sem72	37	72	Semjase	72	487	
7879	Sem73	37	73	Semjase	73	487	
7880	Sem74	37	74	Semjase	74	487	
7881	Sem75	37	75	Semjase	75	487	
7882	Sem76	37	76	Semjase	76	487	
7883	Sem77	37	77	Semjase	77	487	
7884	Sem78	37	78	Semjase	78	488	
7885	Sem79	37	79	Semjase	79	488	
7886	Sem80	37	80	Semjase	80	488	
7887	Sem81	37	81	Semjase	81	488	
7888	Sem82	37	82	Semjase	82	488	
7889	Sem83	37	83	Semjase	83	488	
7890	Sem84	37	84	Semjase	84	488	
7891	Sem85	37	85	Semjase	85	488	
7892	Sem86	37	86	Semjase	86	488	
7893	Sem87	37	87	Semjase	87	488	
7894	Sem88	37	88	Semjase	88	488	
7895	Sem89	37	89	Semjase	89	488	
7896	Sem1	38	1	Semjase	1	488	
7897	Sem2	38	2	Semjase	2	488	
7898	Sem3	38	3	Semjase	3	489	
7899	Sem4	38	4	Semjase	4	489	
7900	Sem5	38	5	Semjase	5	489	
7901	Sem6	38	6	Semjase	6	489	
7902	Sem7	38	7	Semjase	7	489	
7903	Sem8	38	8	Semjase	8	489	
7904	Sem9	38	9	Semjase	9	489	
7905	Sem10	38	10	Semjase	10	489	
7906	Sem11	38	11	Semjase	11	489	
7907	Sem12	38	12	Semjase	12	489	
7908	Sem13	38	13	Semjase	13	489	
7909	Sem14	38	14	Semjase	14	489	
7910	Sem15	38	15	Semjase	15	489	
7911	Sem16	38	16	Semjase	16	489	
7912	Sem17	38	17	Semjase	17	489	
7913	Sem18	38	18	Semjase	18	489	
7914	Sem19	38	19	Semjase	19	489	
7915	Sem20	38	20	Semjase	20	489	
7916	Sem21	38	21	Semjase	21	489	
7917	Que1	38	22	Quetzal	1	490	
7918	Que2	38	23	Quetzal	2	490	
7919	Que3	38	24	Quetzal	3	490	
7920	Que4	38	25	Quetzal	4	490	
7921	Que5	38	26	Quetzal	5	490	
7922	Que6	38	27	Quetzal	6	490	
7923	Que7	38	28	Quetzal	7	490	
7924	Que8	38	29	Quetzal	8	490	
7925	Que9	38	30	Quetzal	9	490	
7926	Que10	38	31	Quetzal	10	490	
7927	Que11	38	32	Quetzal	11	490	
7928	Que12	38	33	Quetzal	12	490	
7929	Que13	38	34	Quetzal	13	490	
7930	Que14	38	35	Quetzal	14	490	
7931	Que15	38	36	Quetzal	15	490	
7932	Que16	38	37	Quetzal	16	490	
7933	Que17	38	38	Quetzal	17	490	
7934	Que18	38	39	Quetzal	18	490	
7935	Que19	38	40	Quetzal	19	490	
7936	Que20	38	41	Quetzal	20	490	
7937	Que21	38	42	Quetzal	21	490	
7938	Que22	38	43	Quetzal	22	490	
7939	Que23	38	44	Quetzal	23	490	
7940	Que24	38	45	Quetzal	24	490	
7941	Que25	38	46	Quetzal	25	490	
7942	Que26	38	47	Quetzal	26	490	
7943	Que27	38	48	Quetzal	27	491	
7944	Que28	38	49	Quetzal	28	491	
7945	Que29	38	50	Quetzal	29	491	
7946	Que30	38	51	Quetzal	30	491	
7947	Que31	38	52	Quetzal	31	491	
7948	Que32	38	53	Quetzal	32	491	
7949	Que33	38	54	Quetzal	33	491	
7950	Que34	38	55	Quetzal	34	491	
7951	Que35	38	56	Quetzal	35	491	
7952	Que36	38	57	Quetzal	36	491	
7953	Que37	38	58	Quetzal	37	491	
7954	Que38	38	59	Quetzal	38	491	
7955	Que39	38	60	Quetzal	39	491	
7956	Que40	38	61	Quetzal	40	491	
7957	Que41	38	62	Quetzal	41	491	
7958	Que42	38	63	Quetzal	42	491	
7959	Que43	38	64	Quetzal	43	491	
7960	Que44	38	65	Quetzal	44	491	
7961	Que45	38	66	Quetzal	45	491	
7962	Que46	38	67	Quetzal	46	491	
7963	Que47	38	68	Quetzal	47	491	
7964	Que48	38	69	Quetzal	48	491	
7965	Que49	38	70	Quetzal	49	491	
7966	Que50	38	71	Quetzal	50	491	
7967	Que51	38	72	Quetzal	51	491	
7968	Que52	38	73	Quetzal	52	491	
7969	Que53	38	74	Quetzal	53	491	
7970	Que54	38	75	Quetzal	54	491	
7971	Que55	38	76	Quetzal	55	492	
7972	Que56	38	77	Quetzal	56	492	
7973	Que57	38	78	Quetzal	57	492	
7974	Que58	38	79	Quetzal	58	492	
7975	Que59	38	80	Quetzal	59	492	
7976	Que60	38	81	Quetzal	60	492	
7977	Que61	38	82	Quetzal	61	492	
7978	Que62	38	83	Quetzal	62	492	
7979	Que63	38	84	Quetzal	63	492	
7980	Que64	38	85	Quetzal	64	492	
7981	Que65	38	86	Quetzal	65	492	
7982	Sem22	38	87	Semjase	22	492	
7983	Sem23	38	88	Semjase	23	492	
7984	Sem24	38	89	Semjase	24	492	
7985	Sem25	38	90	Semjase	25	493	
7986	Sem26	38	91	Semjase	26	493	
7987	Sem27	38	92	Semjase	27	493	
7988	Sem28	38	93	Semjase	28	493	
7989	Sem29	38	94	Semjase	29	493	
7990	Sem30	38	95	Semjase	30	493	
7991	Sem31	38	96	Semjase	31	493	
7992	Sem32	38	97	Semjase	32	493	
7993	Sem33	38	98	Semjase	33	493	
7994	Sem34	38	99	Semjase	34	493	
7995	Sem35	38	100	Semjase	35	493	
7996	Sem36	38	101	Semjase	36	493	
7997	Sem37	38	102	Semjase	37	493	
7998	Sem38	38	103	Semjase	38	493	
7999	Sem39	38	104	Semjase	39	493	
8000	Sem40	38	105	Semjase	40	493	
8001	Sem41	38	106	Semjase	41	493	
8002	Sem42	38	107	Semjase	42	493	
8003	Sem43	38	108	Semjase	43	493	
8004	Sem44	38	109	Semjase	44	493	
8005	Sem45	38	110	Semjase	45	493	
8006	Sem46	38	111	Semjase	46	493	
8007	Sem47	38	112	Semjase	47	493	
8008	Sem48	38	113	Semjase	48	493	
8009	Sem49	38	114	Semjase	49	493	
8010	Sem50	38	115	Semjase	50	493	
8011	Sem51	38	116	Semjase	51	494	
8012	Sem52	38	117	Semjase	52	494	
8013	Sem53	38	118	Semjase	53	494	
8014	Sem54	38	119	Semjase	54	494	
8015	Sem55	38	120	Semjase	55	494	
8016	Sem56	38	121	Semjase	56	494	
8017	Sem57	38	122	Semjase	57	494	
8018	Sem58	38	123	Semjase	58	494	
8019	Sem59	38	124	Semjase	59	494	
8020	Sem60	38	125	Semjase	60	494	
8021	Sem61	38	126	Semjase	61	494	
8022	Sem62	38	127	Semjase	62	494	
8023	Sem63	38	128	Semjase	63	495	
8024	Sem64	38	129	Semjase	64	495	
8025	Sem65	38	130	Semjase	65	495	
8026	Sem66	38	131	Semjase	66	495	
8027	Sem67	38	132	Semjase	67	495	
8028	Sem68	38	133	Semjase	68	495	
8029	Sem69	38	134	Semjase	69	495	
8030	Sem70	38	135	Semjase	70	495	
8031	Sem71	38	136	Semjase	71	495	
8032	Sem72	38	137	Semjase	72	495	
8033	Sem73	38	138	Semjase	73	495	
8034	Sem74	38	139	Semjase	74	495	
8035	Sem75	38	140	Semjase	75	495	
8036	Sem76	38	141	Semjase	76	495	
8037	Sem77	38	142	Semjase	77	495	
8038	Sem78	38	143	Semjase	78	495	
8039	Sem79	38	144	Semjase	79	495	
8040	Sem80	38	145	Semjase	80	495	
8041	Sem81	38	146	Semjase	81	495	
8042	Sem82	38	147	Semjase	82	495	
8043	Sem83	38	148	Semjase	83	495	
8044	Sem84	38	149	Semjase	84	496	
8045	Sem85	38	150	Semjase	85	496	
8046	Sem86	38	151	Semjase	86	496	
8047	Sem87	38	152	Semjase	87	496	
8048	Sem88	38	153	Semjase	88	496	
8049	Sem89	38	154	Semjase	89	496	
8050	Sem90	38	155	Semjase	90	496	
8051	Sem91	38	156	Semjase	91	496	
8052	Sem92	38	157	Semjase	92	496	
8053	Sem93	38	158	Semjase	93	496	
8054	Sem94	38	159	Semjase	94	496	
8055	Sem95	38	160	Semjase	95	496	
8056	Sem96	38	161	Semjase	96	496	
8057	Sem97	38	162	Semjase	97	496	
8058	Sem98	38	163	Semjase	98	496	
8059	Sem99	38	164	Semjase	99	496	
8060	Sem100	38	165	Semjase	100	496	
8061	Sem101	38	166	Semjase	101	496	
8062	Sem102	38	167	Semjase	102	496	
8063	Sem103	38	168	Semjase	103	496	
8064	Sem104	38	169	Semjase	104	496	
8065	Sem105	38	170	Semjase	105	496	
8066	Sem106	38	171	Semjase	106	496	
8067	Sem107	38	172	Semjase	107	496	
8068	Sem108	38	173	Semjase	108	496	
8069	Sem109	38	174	Semjase	109	496	
8070	Sem110	38	175	Semjase	110	496	
8071	Sem111	38	176	Semjase	111	496	
8072	Sem112	38	177	Semjase	112	496	
8073	Sem113	38	178	Semjase	113	496	
8074	Sem114	38	179	Semjase	114	496	
8075	Sem115	38	180	Semjase	115	496	
8076	Sem116	38	181	Semjase	116	496	
8077	Sem117	38	182	Semjase	117	496	
8078	Sem118	38	183	Semjase	118	496	
8079	Sem119	38	184	Semjase	119	496	
8080	Sem120	38	185	Semjase	120	496	
8081	Sem121	38	186	Semjase	121	496	
8082	Sem122	38	187	Semjase	122	496	
8083	Sem123	38	188	Semjase	123	496	
8084	Sem124	38	189	Semjase	124	496	
8085	Sem125	38	190	Semjase	125	496	
8086	Sem126	38	191	Semjase	126	496	
8087	Sem127	38	192	Semjase	127	496	
8088	Sem128	38	193	Semjase	128	496	
8089	Sem129	38	194	Semjase	129	497	
8090	Sem130	38	195	Semjase	130	497	
8091	Sem131	38	196	Semjase	131	497	
8092	Sem132	38	197	Semjase	132	497	
8093	Sem133	38	198	Semjase	133	497	
8094	Sem134	38	199	Semjase	134	497	
8095	Sem135	38	200	Semjase	135	497	
8096	Sem136	38	201	Semjase	136	497	
8097	Sem137	38	202	Semjase	137	497	
8098	Sem138	38	203	Semjase	138	497	
8099	Sem139	38	204	Semjase	139	497	
8100	Sem140	38	205	Semjase	140	497	
8101	Sem141	38	206	Semjase	141	497	
8102	Sem142	38	207	Semjase	142	497	
8103	Sem143	38	208	Semjase	143	497	
8104	Sem144	38	209	Semjase	144	497	
8105	Sem145	38	210	Semjase	145	497	
8106	Sem146	38	211	Semjase	146	497	
8107	Sem147	38	212	Semjase	147	497	
8108	Sem148	38	213	Semjase	148	497	
8109	Sem149	38	214	Semjase	149	497	
8110	Sem150	38	215	Semjase	150	497	
8111	Sem151	38	216	Semjase	151	497	
8112	Sem152	38	217	Semjase	152	498	
8113	Sem153	38	218	Semjase	153	498	
8114	Sem154	38	219	Semjase	154	498	
8115	Sem155	38	220	Semjase	155	498	
8116	Sem156	38	221	Semjase	156	498	
8117	Sem157	38	222	Semjase	157	498	
8118	Sem158	38	223	Semjase	158	498	
8119	Sem159	38	224	Semjase	159	498	
8120	Sem160	38	225	Semjase	160	498	
8121	Sem161	38	226	Semjase	161	498	
8122	Sem162	38	227	Semjase	162	498	
8123	Sem163	38	228	Semjase	163	499	
8124	Sem164	38	229	Semjase	164	499	
8125	Sem165	38	230	Semjase	165	499	
8126	Sem166	38	231	Semjase	166	499	
8127	Sem167	38	232	Semjase	167	499	
8128	Sem168	38	233	Semjase	168	499	
8129	Sem169	38	234	Semjase	169	499	
8130	Sem170	38	235	Semjase	170	499	
8131	Sem171	38	236	Semjase	171	499	
8132	Sem172	38	237	Semjase	172	499	
8133	Sem173	38	238	Semjase	173	499	
8134	Sem174	38	239	Semjase	174	499	
8135	Sem175	38	240	Semjase	175	499	
8136	Sem176	38	241	Semjase	176	499	
8137	Sem177	38	242	Semjase	177	499	
8138	Sem178	38	243	Semjase	178	500	
8139	Sem179	38	244	Semjase	179	500	
8140	Sem180	38	245	Semjase	180	500	
8141	Sem181	38	246	Semjase	181	500	
8142	Sem182	38	247	Semjase	182	500	
8143	Sem183	38	248	Semjase	183	500	
8144	Sem184	38	249	Semjase	184	500	
8145	Sem185	38	250	Semjase	185	500	
8146	Sem186	38	251	Semjase	186	500	
8147	Sem187	38	252	Semjase	187	500	
8148	Sem188	38	253	Semjase	188	500	
8149	Sem189	38	254	Semjase	189	500	
8150	Sem190	38	255	Semjase	190	500	
8151	Sem191	38	256	Semjase	191	500	
8152	Sem192	38	257	Semjase	192	500	
8153	Sem193	38	258	Semjase	193	500	
8154	Sem194	38	259	Semjase	194	501	
8155	Sem195	38	260	Semjase	195	501	
8156	Sem196	38	261	Semjase	196	501	
8157	Sem197	38	262	Semjase	197	501	
8158	Sem198	38	263	Semjase	198	501	
8159	Sem199	38	264	Semjase	199	501	
8160	Sem200	38	265	Semjase	200	501	
8161	Sem201	38	266	Semjase	201	501	
8162	Sem202	38	267	Semjase	202	501	
8163	Sem203	38	268	Semjase	203	501	
8164	Sem204	38	269	Semjase	204	501	
8165	Sem205	38	270	Semjase	205	501	
8166	Sem206	38	271	Semjase	206	501	
8167	Sem207	38	272	Semjase	207	501	
8168	Sem208	38	273	Semjase	208	501	
8169	Sem209	38	274	Semjase	209	501	
8170	Sem210	38	275	Semjase	210	501	
8171	Sem211	38	276	Semjase	211	501	
8172	Sem212	38	277	Semjase	212	501	
8173	Sem213	38	278	Semjase	213	501	
8174	Sem214	38	279	Semjase	214	501	
8175	Sem215	38	280	Semjase	215	501	
8176	Sem216	38	281	Semjase	216	501	
8177	Sem217	38	282	Semjase	217	502	
8178	Sem218	38	283	Semjase	218	502	
8179	Sem219	38	284	Semjase	219	502	
8180	Sem220	38	285	Semjase	220	502	
8181	Sem221	38	286	Semjase	221	502	
8182	Sem222	38	287	Semjase	222	502	
8183	Sem223	38	288	Semjase	223	502	
8184	Sem224	38	289	Semjase	224	502	
8185	Sem225	38	290	Semjase	225	502	
8186	Sem226	38	291	Semjase	226	502	
8187	Sem227	38	292	Semjase	227	502	
8188	Sem228	38	293	Semjase	228	502	
8189	Sem229	38	294	Semjase	229	502	
8190	Sem230	38	295	Semjase	230	502	
8191	Sem231	38	296	Semjase	231	502	
8192	Sem232	38	297	Semjase	232	503	
8193	Sem233	38	298	Semjase	233	503	
8194	Sem234	38	299	Semjase	234	503	
8195	Sem235	38	300	Semjase	235	503	
8196	Sem236	38	301	Semjase	236	503	
8197	Sem237	38	302	Semjase	237	503	
8198	Sem238	38	303	Semjase	238	503	
8199	Sem239	38	304	Semjase	239	503	
8200	Sem240	38	305	Semjase	240	503	
8201	Sem241	38	306	Semjase	241	503	
8202	Sem242	38	307	Semjase	242	503	
8203	Sem243	38	308	Semjase	243	503	
8204	Sem244	38	309	Semjase	244	503	
8205	Sem245	38	310	Semjase	245	503	
